2880.3
2880.0
2868.8
2866.0
2827.6
2839.1
2839.1
2779.9
2735.1
2735.1
2735.1
2733.2
2733.2
2663.1
2663.1
2660.9
2669.3
2664.3
2679.8
2608.5
2629.9
2634.8
2615.1
2615.1
2648.3
2678.3
2691.3
2691.4
2691.4
2680.8
2690.3
2696.3
2723.4
2712.0
2690.1
2661.9
2643.2
2681.3
2672.0
2684.6
2684.2
2680.1
2680.1
2702.0
2637.4
2641.8
2637.9
2675.6
2674.9
2674.9
2674.9
2609.8
2550.1
2560.5
2559.7
2559.7
2641.3
2635.0
2635.0
2664.2
2660.7
2633.7
2615.6
2615.6
2619.0
2581.7
2553.1
2569.8
2579.0
2578.4
2588.6
2605.8
2586.9
2604.4
2587.1
2519.1
2506.3
2532.7
2533.8
2534.6
2526.6
2548.9
2547.2
2521.8
2521.8
2521.8
2504.3
2504.3
2453.2
2442.3
2437.0
2423.9
2423.9
2368.8
2393.9
2393.9
2393.9
2358.2
2352.1
2346.7
2372.7
2361.7
2320.2
2324.9
2315.4
2318.9
2296.8
2327.6
2334.8
2305.2
2333.5
2333.5
2333.5
2331.7
2331.7
2331.7
2331.9
2331.9
2320.9
2324.6
2337.8
2319.9
2313.0
2325.3
2315.5
2227.4
2240.6
2240.6
2184.5
2106.3
2154.7
2132.8
2085.2
2085.2
2101.1
2104.1
2104.1
2104.1
2104.1
2104.1
2172.4
2166.0
2166.0
2152.8
2162.0
2188.2
2211.2
2196.9
2190.6
2210.7
2194.9
2191.7
2205.9
2205.9
2191.4
2208.0
2180.2
2097.4
2097.4
2097.4
2097.4
2126.7
2126.7
2108.3
2085.5
2117.1
2151.3
2151.3
2170.3
2156.1
2209.9
2210.6
2107.5
2117.6
2117.6
2125.0
2125.0
2095.4
2095.4
2095.4
2095.4
2085.9
2085.9
2085.9
2082.8
2097.9
2097.9
2079.8
2060.8
2060.8
2043.0
2043.0
2043.0
2159.9
2150.9
2150.9
2196.0
2182.7
2182.7
2124.3
2192.7
2202.7
2202.7
2202.7
2214.0
2214.0
2214.2
2168.0
2297.8
2333.9
2339.8
2319.2
2319.2
2330.3
2330.3
2330.3
2293.2
2274.9
2284.2
2284.2
2252.8
2270.2
2280.1
2280.1
2249.8
2249.8
2249.8
2223.7
2133.9
2136.6
2146.4
2093.7
2008.9
2004.2
2035.0
2063.2
2080.8
2131.3
2157.5
2157.5
2165.6
2072.6
2104.6
2151.4
2076.2
2076.2
2076.2
2062.8
2066.5
2075.4
2085.2
2085.2
2055.3
2083.4
2071.9
2091.3
2099.5
2106.6
2139.5
2110.1
2115.0
2103.2
2103.2
2121.5
2121.5
2111.0
2122.7
2122.7
2030.6
2008.9
2046.8
2091.5
2091.5
2035.1
2085.0
2062.0
2119.4
2119.4
2136.3
2109.1
2115.0
2115.0
2115.0
2098.8
2096.0
2085.8
2085.8
2173.9
2132.4
2134.9
2154.2
2179.3
2208.8
2208.8
2175.2
2152.6
2132.4
2126.7
2126.7
2105.9
2105.9
2105.9
2093.7
2072.1
2091.4
2044.1
2044.1
2080.3
2090.3
2090.3
2144.4
2156.1
2146.4
2146.4
2146.4
2151.0
2151.0
1981.3
1936.2
1936.2
1936.2
1946.4
1947.1
1936.5
1936.5
1936.5
1924.0
1912.0
1907.3
1907.3
1940.7
1940.7
1940.7
1940.7
1940.4
1961.0
2023.2
2023.2
2023.2
1960.5
1960.5
1960.5
1976.2
2040.9
2094.4
2094.5
2072.9
2047.7
2056.2
2064.0
2024.3
2027.0
2027.0
1924.6
1924.6
1921.9
1921.9
1917.0
1899.6
1902.1
1902.1
1902.1
1902.1
1881.4
1867.6
1865.7
1852.1
1852.1
1852.1
1842.8
1778.3
1795.7
1795.7
1746.2
1795.3
1794.7
1794.7
1784.5
1788.1
1788.1
1788.1
1788.1
1788.1
1661.7
1661.7
1642.8
1638.6
1638.6
1640.1
1641.2
1641.2
1642.5
1648.3
1648.3
1671.3
1604.9
1623.1
1623.1
1617.9
1617.9
1617.9
1621.9
1625.0
1607.8
1637.1
1637.1
1637.1
1678.9
1678.9
1689.6
1677.0
1679.2
1684.2
1688.4
1699.7
1709.9
1661.8
1661.8
1661.8
1661.8
1661.8
1660.2
1673.2
1673.2
1692.1
1678.2
1678.2
1714.7
1713.8
1820.1
1775.2
1775.2
1775.2
1805.5
1805.5
1815.6
1815.6
1742.6
1742.6
1752.3
1752.3
1755.8
1782.8
1812.7
1812.7
1812.7
1822.9
1822.9
1822.9
1822.9
1822.9
1848.0
1862.8
1862.8
1893.5
1893.2
1893.2
1926.3
1926.3
1926.3
1926.1
1926.1
2035.3
2071.1
2078.4
2078.4
2071.7
2157.4
2156.4
2062.2
2038.3
2038.2
2050.7
2073.9
2063.8
2064.3
2064.3
2071.0
2071.0
2064.8
2076.1
2110.3
2110.3
2110.3
2010.5
2014.3
2006.0
1997.0
1938.0
1938.0
1934.2
1882.6
1912.8
1912.8
1912.8
1950.2
1989.9
1989.9
1989.9
1986.9
2008.8
2008.8
2065.7
2065.7
2059.0
2059.0
2059.0
2083.1
2093.3
2036.3
2016.0
2016.0
1998.1
1994.5
1993.1
2021.4
2056.5
2056.5
2047.0
2005.2
2009.9
1995.9
1995.9
1998.3
1974.8
1974.8
1968.8
1945.6
1945.6
1948.0
1959.9
1953.8
2005.4
2005.4
2003.0
2003.0
2008.4
2008.4
2008.4
2008.4
2008.4
2008.4
2008.4
1991.2
1991.2
2026.1
2019.4
2039.1
2073.2
2073.2
2067.1
2153.0
2088.0
2088.0
2049.4
2049.4
2049.4
2052.1
2051.1
2058.6
2073.4
2073.4
2025.8
2025.8
2025.8
2049.7
2028.5
2033.3
2034.0
2064.6
2088.6
2066.9
2113.0
2113.0
2111.6
2111.6
2129.0
2203.2
2203.2
2213.0
2219.0
2199.6
2199.6
2192.4
2192.4
2199.1
2200.8
2207.6
2211.2
2213.3
2213.3
2251.2
2251.2
2299.4
2299.4
2299.4
2305.5
2291.8
2291.8
2222.2
2183.4
2197.2
2197.2
2159.4
2218.7
2212.6
2213.0
2216.5
2207.3
2207.3
2228.6
2228.6
2159.9
2154.0
2182.7
2161.9
2178.6
2221.3
2194.8
2194.8
2194.8
2194.8
2212.2
2187.5
2187.1
2231.9
2271.8
2218.7
2151.2
2151.2
2151.2
2203.4
2203.4
2143.2
2152.2
2152.2
2157.8
2168.0
2168.0
2183.5
2169.1
2111.6
2083.8
2122.2
2122.2
2079.1
2117.2
2117.2
2076.1
1981.1
1993.3
1993.3
1993.3
1963.4
1983.3
1981.9
1956.3
1952.4
1952.4
1952.4
1952.4
1952.4
2003.8
1949.1
1949.1
1949.1
1967.1
2004.4
1939.9
1979.9
1989.7
1975.5
1975.5
1975.5
2051.8
2051.8
2008.9
2008.9
2009.2
2041.7
2046.2
2041.4
2029.5
2029.5
2024.9
1957.1
1957.1
1957.1
1971.3
1971.3
1971.3
1971.3
2018.7
2040.9
1979.1
1979.1
2026.6
2055.4
2095.8
2082.4
2085.5
2128.5
2123.4
2110.2
2110.2
2110.2
2162.0
2110.4
2094.3
2094.3
2094.3
2119.4
2119.4
2119.4
2060.3
2105.0
2111.3
2107.6
2107.6
2107.6
2135.5
2135.5
2135.5
2135.5
2118.8
2149.4
2149.4
2103.3
2079.3
2079.3
2008.9
2008.9
2008.9
2003.4
2000.5
2000.5
2000.5
1997.1
1997.7
1985.5
1870.4
1888.3
1919.5
1923.2
1995.6
1983.4
2014.8
2014.8
2027.7
2000.9
1990.7
2036.4
2091.9
2091.9
2081.9
2058.2
2041.4
2041.4
2049.2
2006.8
2006.8
2043.1
2056.0
2055.0
2060.4
2060.4
2063.5
2092.2
2092.2
2136.0
2136.0
2144.6
2144.6
2189.5
2106.3
2098.3
2079.7
2099.0
2099.0
2099.0
2099.0
2102.4
2100.9
2111.9
2111.9
2111.9
2123.3
2111.8
2111.8
2111.9
2131.0
2088.6
2089.3
2089.3
2114.2
2100.8
2100.8
2100.8
2085.4
2075.1
2086.2
2142.1
2148.3
2184.2
2184.2
2184.2
2184.2
2141.9
2141.9
2184.9
2179.0
2211.3
2211.3
2232.5
2182.2
2217.2
2188.7
2133.3
2133.3
2133.3
2168.0
2180.7
2190.6
2108.3
2119.0
2119.0
2174.5
2174.5
2175.7
2176.5
2176.5
2176.5
2166.3
2189.3
2307.0
2255.3
2241.2
2241.2
2258.7
2239.7
2219.8
2243.9
2310.8
2311.4
2311.4
2311.6
2314.7
2314.7
2314.7
2314.7
2314.7
2325.0
2293.9
2271.1
2273.4
2279.6
2280.0
2394.6
2394.6
2400.0
2412.5
2412.5
2444.3
2461.7
2434.4
2431.5
2431.5
2431.5
2419.1
2342.4
2342.4
2342.4
2342.4
2395.1
2395.1
2395.1
2347.2
2350.1
2316.9
2243.1
2200.9
2259.8
2259.8
2259.8
2259.8
2259.8
2282.9
2230.2
2230.2
2308.5
2314.9
2305.9
2272.9
2237.4
2237.4
2237.4
2237.4
2139.6
2148.6
2074.0
2018.9
2018.9
2018.9
2004.7
1955.5
1955.5
1982.8
1895.3
1895.3
1895.3
1895.3
1913.3
1913.3
1982.8
1947.6
1947.6
1947.6
1934.0
1919.6
1919.6
1917.9
1919.1
1925.5
2023.6
2060.8
2074.1
2054.5
2055.4
2062.8
2079.9
2085.8
2098.5
2098.5
2102.5
2096.7
2096.7
2103.5
2179.8
2179.8
2179.8
2190.4
2190.4
2177.3
2236.6
2223.5
2277.7
2276.8
2276.8
2300.9
2300.9
2300.9
2300.9
2300.9
2268.1
2252.3
2346.1
2355.8
2316.4
2316.4
2415.7
2428.9
2428.9
2362.5
2343.2
2341.0
2356.2
2356.2
2412.9
2425.3
2480.3
2458.3
2453.0
2453.0
2427.5
2427.5
2406.5
2415.0
2413.7
2427.7
2427.7
2448.3
2448.3
2420.9
2446.1
2498.3
2472.0
2472.0
2475.5
2476.3
2433.3
2421.3
2386.6
2386.6
2405.0
2367.1
2405.0
2405.0
2405.0
2422.2
2421.1
2421.1
2414.2
2371.5
2299.5
2299.5
2299.5
2299.5
2259.4
2214.0
2205.2
2205.2
2308.2
2335.5
2335.5
2237.3
2281.8
2289.5
2280.4
2202.8
2218.7
2218.7
2279.8
2309.8
2295.9
2295.9
2295.9
2276.7
2264.2
2181.6
2181.6
2181.6
2240.2
2247.1
2258.6
2292.8
2286.6
2289.8
2289.8
2283.7
2283.7
2292.3
2276.0
2276.0
2270.2
2297.5
2242.4
2242.1
2242.1
2242.1
2242.1
2240.2
2255.5
2262.2
2262.2
2202.9
2202.9
2198.3
2198.3
2213.8
2215.0
2221.3
2221.3
2180.3
2180.1
2208.6
2204.4
2176.9
2176.9
2123.5
2114.6
2114.6
2114.6
2088.7
2041.5
2041.5
2041.5
2041.5
2041.5
2041.5
2034.0
1959.1
1959.1
1925.6
1908.6
1908.6
1908.6
1945.1
1917.0
1918.7
1936.1
1956.1
1954.1
2013.1
1976.7
1957.2
2005.1
2005.1
2005.1
2023.2
2027.6
1940.3
1972.4
1914.5
1914.5
1914.5
1887.5
1877.4
1877.4
1877.4
1907.3
1907.3
1907.3
1950.1
1945.1
1959.1
1959.9
1997.5
1982.1
1982.1
1982.1
2014.2
1971.4
1970.5
2001.6
1994.4
2060.1
2069.0
2067.9
2067.9
2067.9
2067.9
2070.7
2070.7
2079.1
2056.1
2056.1
2060.9
2067.0
2052.1
2036.1
2036.1
2058.1
2061.8
2061.8
2082.7
2069.6
2069.6
2069.6
2058.7
2058.7
2058.7
2058.7
2060.1
2060.1
2071.5
2107.0
2115.7
2074.0
2069.9
2031.5
2000.8
2042.3
2034.5
2032.7
2034.2
2038.5
2041.5
2055.6
2055.6
2035.6
2095.5
2065.9
2049.4
2028.4
2080.1
2169.5
2145.3
2147.1
2147.1
2117.9
2117.9
2117.9
2117.9
2168.8
2168.8
2168.8
2184.0
2165.5
2165.5
2169.3
2169.3
2149.6
2149.6
2185.7
2185.7
2185.7
2185.7
2206.5
2164.4
2146.2
2146.2
2200.7
2155.7
2192.2
2192.2
2192.2
2192.2
2229.5
2280.6
2251.6
2273.6
2272.6
2272.6
2272.6
2293.5
2293.5
2314.0
2314.0
2314.0
2307.5
2264.9
2237.7
2288.1
2288.1
2288.1
2215.2
2170.6
2170.6
2188.3
2203.2
2203.2
2140.5
2064.6
2109.7
2109.7
2109.7
2110.2
2120.2
2120.2
2135.5
2179.4
2179.4
2148.7
2120.2
2003.0
2003.0
2010.1
2010.1
2010.1
2005.6
2002.9
2002.9
1947.7
1947.7
1896.4
1896.4
1853.5
1853.4
1853.4
1859.7
1846.9
1846.9
1846.9
1846.9
1830.0
1845.3
1852.8
1841.9
1839.0
1801.7
1801.7
1817.4
1799.0
1799.0
1799.0
1799.0
1799.0
1879.9
1879.9
1879.9
1880.4
1895.7
1895.7
1895.7
1895.7
1813.7
1839.6
1859.1
1859.1
1889.6
1943.0
1946.3
1946.3
1942.8
1983.8
1990.6
1961.0
1961.0
1961.0
1989.2
1989.2
1958.1
1997.1
2007.8
2007.8
1995.9
1986.6
1988.8
1967.8
1967.8
1977.0
1952.7
1952.7
1970.3
1970.3
1970.3
1970.3
1970.3
1966.4
1985.7
2047.4
2042.0
2077.2
2077.2
2077.2
2025.4
2004.7
2003.1
2003.1
2003.1
2003.1
1971.2
1952.4
1927.3
1927.3
1927.3
1927.3
1911.4
1911.4
1907.4
1907.4
1913.1
1899.7
1899.7
1899.7
1897.7
1906.6
1906.6
1906.6
2030.7
2077.2
2075.1
2050.1
2053.4
2053.4
2065.4
2065.4
2064.1
2064.1
2064.1
2091.9
2097.6
2097.6
2112.7
2084.1
2131.6
2050.5
2050.5
2050.5
2050.5
2017.2
2019.9
2000.8
1973.8
1957.0
1948.1
1948.1
1957.9
1957.9
1940.4
1946.6
1943.7
1943.7
1943.7
1930.0
1912.6
1912.6
1816.6
1769.1
1776.6
1787.7
1787.7
1787.7
1810.9
1824.8
1905.6
1905.6
1984.1
1984.1
1984.1
2008.6
2008.6
2008.6
2055.4
2108.3
2099.2
2099.2
2099.2
2098.1
2075.5
2049.6
2030.3
2039.9
2038.2
2038.2
2038.2
2038.2
2051.0
2051.0
2051.0
2097.7
2097.7
2097.7
2097.7
2097.7
2156.0
2145.6
2145.6
2154.9
2156.1
2156.1
2156.9
2344.2
2344.2
2311.9
2270.8
2267.5
2267.5
2336.7
2359.6
2367.3
2333.0
2349.9
2345.0
2345.0
2309.5
2319.8
2319.8
2327.9
2311.2
2310.4
2310.4
2306.7
2237.7
2250.1
2250.1
2250.1
2294.6
2314.9
2248.6
2264.2
2281.5
2259.9
2259.9
2253.4
2281.7
2281.7
2281.7
2290.1
2283.8
2298.1
2298.1
2298.1
2269.1
2181.1
2181.1
2212.5
2212.5
2214.0
2216.2
2236.4
2233.7
2235.9
2203.2
2222.7
2336.6
2335.5
2335.5
2418.3
2417.2
2415.1
2361.4
2355.4
2354.6
2354.6
2332.9
2391.7
2365.7
2289.9
2289.9
2268.6
2244.9
2213.5
2147.7
2133.7
2133.7
2151.5
2123.4
2123.4
2058.2
2077.3
2044.5
2044.5
2029.6
2029.6
2042.2
2042.2
2012.1
2010.7
2075.9
2018.2
2018.2
2056.4
2056.4
2066.4
2066.4
2092.3
2092.3
2100.1
2100.1
2101.8
2134.8
2222.8
2212.5
2177.3
2219.6
2270.5
2270.5
2286.6
2320.1
2320.1
2326.2
2361.6
2361.6
2361.6
2389.3
2322.7
2303.6
2326.2
2326.2
2303.6
2350.8
2350.8
2350.8
2339.0
2338.1
2375.7
2369.3
2369.3
2350.8
2252.2
2291.4
2291.4
2290.7
2336.7
2284.6
2335.7
2317.8
2401.7
2401.7
2414.8
2391.8
2345.7
2360.7
2456.8
2420.6
2438.6
2438.6
2475.6
2475.6
2436.4
2436.8
2418.8
2390.0
2370.3
2389.0
2389.0
2403.4
2406.2
2365.5
2365.5
2365.5
2383.6
2383.6
2460.6
2465.1
2465.1
2465.1
2432.8
2435.9
2436.1
2438.4
2426.0
2447.7
2442.0
2415.9
2415.9
2415.9
2387.6
2387.6
2392.3
2392.3
2392.3
2400.9
2405.0
2405.0
2405.0
2395.4
2360.5
2373.8
2357.9
2359.2
2359.2
2394.4
2384.5
2398.9
2461.4
2416.6
2416.6
2433.0
2443.0
2434.1
2434.1
2435.5
2435.5
2404.9
2406.1
2456.4
2456.4
2436.8
2436.8
2378.7
2353.2
2341.0
2379.0
2279.3
2265.8
2306.2
2249.9
2291.7
2291.7
2291.7
2335.0
2335.0
2420.5
2420.5
2392.0
2384.8
2384.8
2360.6
2360.6
2278.4
2278.4
2278.4
2278.4
2278.4
2278.4
2278.4
2258.3
2251.4
2251.4
2251.4
2257.5
2283.1
2250.1
2250.1
2250.1
2147.5
2131.9
2121.9
2121.9
2120.6
2113.7
2113.7
2113.7
2147.5
2147.5
2147.5
2147.5
2147.5
2154.1
2154.1
2203.6
2203.6
2203.6
2203.6
2241.7
2164.9
2231.5
2211.8
2150.3
2140.3
2173.3
2173.3
2173.3
2163.1
2163.1
2163.1
2153.2
2131.6
2131.6
2131.6
2133.2
2133.2
2126.2
2126.2
2110.2
2158.6
2191.2
2253.8
2253.8
2295.4
2307.8
2332.4
2363.3
2363.3
2330.7
2330.7
2317.2
2293.1
2293.1
2293.1
2307.2
2307.2
2311.7
2272.6
2272.6
2272.6
2179.0
2179.0
2179.0
2165.1
2138.4
2128.1
2130.5
2131.4
2131.4
2095.3
2101.2
2105.4
2073.1
2073.1
2073.1
2078.5
2078.5
2026.8
2026.8
2026.8
2010.5
2007.0
2020.1
2005.8
1992.3
1921.0
1868.8
1884.3
1909.4
1909.4
1909.4
1909.4
1914.7
1914.7
1914.7
1914.7
1914.7
1909.4
1867.0
1867.0
1864.2
1812.3
1812.3
1812.3
1843.3
1810.8
1812.9
1812.9
1823.0
1823.0
1736.9
1734.4
1734.4
1656.6
1665.8
1665.8
1657.7
1657.7
1647.2
1680.1
1680.1
1743.9
1743.9
1743.9
1752.5
1752.5
1752.5
1729.6
1764.4
1785.5
1803.7
1803.7
1803.7
1761.7
1761.7
1761.7
1693.9
1702.4
1703.4
1703.4
1703.4
1703.4
1703.4
1703.4
1709.1
1750.0
1750.0
1757.7
1757.7
1740.8
1747.9
1738.6
1738.6
1738.6
1738.6
1812.6
1778.6
1778.6
1785.1
1785.1
1785.1
1801.1
1780.3
1780.3
1818.9
1818.9
1717.0
1717.0
1764.0
1803.5
1799.9
1880.5
1878.3
1878.3
1878.3
1903.7
1908.9
1908.9
1922.9
1935.3
1953.5
1953.5
1915.7
1939.7
1939.7
1939.7
1939.7
1939.7
1916.2
1946.5
1954.5
1945.6
1970.4
1970.4
1970.4
1970.4
1970.4
1917.9
1917.9
1911.8
1862.1
1862.1
1862.1
1847.9
1847.9
1854.0
1873.7
1858.4
1858.4
1830.3
1844.2
1850.6
1850.6
1845.5
1867.3
1867.3
1819.4
1828.9
1848.3
1848.3
1911.8
1919.9
1919.9
1919.9
1947.4
1940.1
1940.1
1913.1
1893.8
1892.3
1861.1
1835.7
1769.6
1769.6
1873.1
1826.7
1826.7
1826.7
1826.7
1826.7
1826.7
1826.7
1806.5
1806.5
1806.5
1806.5
1824.2
1824.2
1824.2
1824.2
1826.4
1872.1
1937.7
1937.7
1937.7
1889.7
1888.3
1888.3
1997.2
1997.2
1997.2
1964.2
1916.8
1999.0
1999.0
1999.0
1999.0
2052.3
2052.3
2052.3
2052.3
2059.0
2059.4
2057.6
2062.7
2062.7
2006.1
2006.1
2006.1
1983.6
1949.4
1949.4
1949.4
1957.6
1905.6
1893.3
1893.3
1963.3
1930.7
1959.5
1959.5
1959.5
1959.5
1959.5
1946.7
1977.2
1975.3
2020.3
2047.5
2047.5
2047.5
2047.5
2047.5
2047.5
2047.5
1994.7
1978.2
1933.9
1939.6
1941.0
1947.2
1947.2
1942.6
1942.6
1937.7
1929.6
1929.6
1929.6
1935.7
1935.7
1935.7
1935.7
1930.3
1930.3
1930.3
1930.3
1930.3
1930.3
1912.1
1912.1
1912.1
1910.6
1881.8
1896.1
1896.1
1901.8
1916.0
1906.5
1907.9
1907.9
1907.9
1921.2
2045.7
2061.6
2061.6
2061.6
2062.9
2067.2
2067.2
2035.6
2035.6
2089.6
2089.6
2089.6
2114.9
2127.3
2127.3
2104.1
2126.5
2126.5
2144.7
2089.0
2089.0
2089.0
2068.8
2075.3
2075.3
2075.3
2075.3
2075.9
2075.9
2025.4
2025.4
2025.4
2120.6
2137.0
2137.0
2137.0
2058.0
2059.8
2077.9
2106.6
2106.6
2101.7
2095.4
2143.2
2143.2
2147.8
2134.0
2125.6
2125.6
2113.2
2107.9
2102.1
2102.1
2127.4
2127.4
2127.4
2122.9
2112.6
2111.9
2113.1
2113.1
2113.1
2110.8
2110.8
2110.8
2110.8
2107.8
2107.8
2080.1
2080.1
2080.1
2100.8
2100.2
2100.2
2113.3
2121.2
2036.4
2046.9
1975.3
1975.3
1975.3
1975.3
1975.3
1952.3
1953.6
1953.6
1944.5
1944.5
1944.5
1944.5
1944.5
1944.5
1943.3
1953.7
1963.6
1975.4
1944.5
1944.5
1944.5
1944.5
1944.8
1946.7
1946.7
1946.7
2003.1
2020.5
1990.3
1990.3
2023.7
2026.4
2018.9
2018.9
2018.9
2018.9
2028.3
2031.3
2016.9
2005.5
2005.5
1992.7
1992.7
1992.7
1992.7
1992.7
1981.5
2012.1
2012.2
2012.2
2052.8
2041.0
2049.3
2065.2
2048.8
2048.8
2056.7
2082.1
2082.1
2082.1
2082.1
2051.4
2051.4
2066.5
2066.5
2074.1
2074.1
2105.6
2105.6
2105.6
2105.6
2063.8
2061.5
2063.9
2123.7
2135.9
2117.0
2032.9
2032.9
2032.9
2032.9
2032.9
2060.0
2060.0
2052.4
2068.6
2102.3
2102.1
2102.1
2049.9
2047.7
2047.7
1994.8
1956.6
1956.6
1956.6
1956.6
1956.6
1926.1
2006.7
2031.1
2036.9
2036.9
2049.8
2049.8
2093.8
2093.8
2093.8
2093.8
2040.3
2085.3
2092.0
2115.9
2115.9
2115.9
2115.9
2089.2
2075.6
2096.5
2120.1
2136.2
2136.2
2134.9
2122.3
2105.7
2105.7
2100.2
2100.2
2132.2
2132.2
2133.8
2152.7
2151.5
2165.4
2166.6
2166.6
2166.6
2166.6
2215.3
2215.0
2215.0
2209.1
2209.1
2238.1
2262.0
2293.8
2257.6
2257.0
2261.2
2261.2
2261.2
2221.3
2157.7
2051.1
1979.0
1979.0
1951.8
1896.6
1886.7
1893.8
1893.8
1899.6
1911.3
1911.3
1891.5
1919.6
1929.8
1929.8
1929.8
1901.0
1914.5
1910.6
1883.7
1883.7
1854.7
1805.0
1854.2
1854.2
1857.7
1860.4
1861.9
1861.4
1885.8
1885.8
1823.2
1823.2
1823.2
1823.2
1851.2
1851.2
1851.2
1939.1
1954.1
1940.5
1940.5
1932.9
1929.9
1918.0
1974.5
2049.0
2069.9
2069.9
2073.1
2085.7
2085.7
2073.6
2073.6
2097.5
2031.5
2033.8
2015.6
2026.9
2028.3
2033.5
2033.5
2033.5
2033.5
2038.3
2026.7
2045.1
2052.5
2050.0
2050.0
2048.6
2048.6
2041.2
2041.2
2041.2
2046.4
2057.2
2057.2
2057.2
2057.2
2113.9
2113.9
2113.9
2106.9
2106.9
2032.1
2019.8
2019.8
2019.8
2019.8
2019.8
2019.8
2019.8
1981.7
1981.7
1981.7
1996.1
1988.0
1947.4
1907.1
1907.1
1907.1
1962.1
1962.1
1970.3
1970.3
1970.3
1989.0
1989.0
2007.6
2007.6
2052.4
2052.4
2052.4
2019.9
2019.9
1972.8
1972.7
1894.9
1876.0
1876.0
1876.0
1878.8
1917.6
1923.9
1916.8
1916.8
1916.8
1916.8
1952.9
1952.9
1952.9
1960.5
1951.8
1951.8
1951.8
1985.6
1985.6
1988.4
1988.4
1947.3
1929.0
1929.0
1929.0
1888.3
1888.3
1888.3
1885.4
1935.7
1935.7
1959.6
1958.5
1958.5
1973.1
1931.5
1931.5
1931.5
1931.5
1899.7
1993.4
1993.4
1955.1
1965.5
2007.3
1963.6
1920.5
1920.5
1920.5
1920.5
1920.5
1920.1
1920.1
1920.1
1979.0
1979.0
1979.0
1979.0
2012.8
1979.3
1985.9
1985.9
1958.2
1958.2
1938.5
1927.5
1927.5
1927.5
1927.5
1977.0
1977.0
1973.4
1980.5
1981.9
1981.9
1981.5
1990.1
1996.2
1996.2
1975.2
1928.5
1965.1
1965.1
1989.6
1989.6
1999.9
2013.2
2029.4
2057.4
2108.9
2123.5
2116.3
2101.0
2101.0
2083.6
2083.6
2082.8
2133.8
2170.1
2170.1
2199.7
2199.7
2153.0
2153.0
2153.0
2114.4
2089.4
2114.8
2090.3
2013.2
2004.7
2004.7
2004.6
2004.6
2004.6
2003.5
1995.0
1961.8
1957.2
1979.6
1981.9
1981.5
1982.2
1880.5
1897.9
1897.9
1897.9
1897.9
1967.9
2002.6
2034.0
2034.0
2034.0
2051.2
2054.1
2054.1
2054.5
2068.6
2068.1
2068.1
2072.9
2072.9
2055.7
2053.9
2052.2
2052.2
2052.2
2052.2
2046.5
2051.1
2051.1
2051.1
2051.1
2041.2
2041.2
2066.8
2066.8
2210.2
2224.7
2224.7
2261.3
2250.1
2249.5
2234.5
2229.9
2229.9
2249.8
2258.6
2268.5
2299.9
2307.6
2307.6
2297.3
2288.7
2284.0
2284.0
2284.0
2284.0
2284.0
2301.2
2196.5
2229.5
2229.5
2189.9
2189.9
2189.9
2184.2
2192.7
2168.3
2168.3
2180.1
2212.2
2255.5
2223.6
2241.7
2242.6
2176.5
2161.4
2161.4
2160.5
2128.5
2117.8
2117.8
2117.8
2061.5
2034.9
2016.0
2028.0
2028.0
2046.9
2046.9
2029.4
2029.4
2029.4
1983.3
1958.6
1933.8
1933.9
1933.9
1933.9
1919.6
1971.5
1971.5
1999.3
1999.3
1994.9
1994.9
2015.1
2053.2
1998.9
1989.0
1989.0
2007.2
2004.9
2039.4
2039.4
2017.0
2023.6
2023.6
2023.6
2023.7
1972.0
1972.0
1972.0
1955.8
1955.8
1955.8
1970.4
1970.4
1960.2
1960.2
1960.2
1959.0
1958.3
1939.2
1972.5
1944.9
1913.6
1927.0
1909.4
1909.4
1909.4
1875.2
1922.7
1888.8
1888.8
1888.8
1891.2
2000.3
2056.6
2056.6
2039.5
2039.5
2039.5
2028.8
2049.1
2049.1
2049.1
2053.4
2049.5
2049.5
2050.4
2050.4
2050.4
1964.0
1941.4
1941.4
1902.6
1902.6
1910.0
1910.0
1910.0
1910.0
1956.0
1989.9
1989.9
1989.9
1989.9
2014.5
2014.5
2014.5
2014.5
2014.5
2014.5
2026.5
2025.6
2082.6
2125.3
2239.6
2239.6
2280.5
2285.0
2285.0
2295.0
2215.7
2250.3
2250.3
2200.1
2185.7
2188.0
2188.0
2188.9
2236.5
2228.3
2280.4
2254.2
2220.6
2220.6
2226.8
2226.8
2263.6
2260.7
2205.6
2204.1
2190.6
2190.6
2190.6
2187.8
2190.3
2187.8
2175.3
2175.3
2165.5
2145.8
2144.8
2144.8
2135.4
2135.4
2100.8
2100.8
2100.8
2051.7
2036.1
2003.7
2003.7
2003.7
1994.4
1971.2
1986.9
1986.9
1988.1
1988.1
1994.9
1994.9
1994.9
1994.9
1994.9
1984.2
1984.2
1988.4
1959.5
1994.5
1994.5
2026.8
1997.5
1997.5
1997.5
1997.5
2008.9
2008.9
1960.7
1990.6
1990.6
1990.6
1990.6
1971.2
1878.9
1881.4
1905.6
1905.6
1905.6
1895.6
1895.6
1939.9
1939.9
1939.9
1895.8
1850.6
1850.6
1850.6
1850.9
1850.9
1850.9
1848.9
1842.9
1842.9
1842.9
1842.9
1842.9
1845.3
1845.3
1845.3
1845.3
1845.6
1845.6
1845.6
1851.5
1851.5
1851.5
1851.5
1851.5
1851.5
1851.5
1851.5
1851.5
1851.5
1878.8
1877.5
1877.5
1877.5
1874.1
1874.1
1870.3
1870.3
1927.8
1971.2
1977.5
1955.3
1955.3
2009.8
2009.8
2071.0
2071.0
2083.3
2083.3
2093.5
2093.5
2091.7
2102.8
2047.9
1951.3
1951.3
1947.9
1947.9
1947.9
1921.9
1921.9
1921.9
1921.9
1890.9
1889.1
1921.7
1879.2
1930.8
1934.6
1934.6
1934.6
1934.6
1934.6
1934.6
1880.7
1828.0
1828.0
1878.2
1867.0
1867.0
1878.1
1878.1
1880.2
1880.2
1880.2
1886.0
1845.5
1841.8
1841.8
1838.4
1838.4
1838.4
1905.1
1905.1
1850.5
1851.8
1851.8
1802.0
1802.0
1802.0
1802.0
1802.0
1877.7
1848.2
1848.2
1849.2
1822.1
1824.3
1826.1
1826.1
1832.0
1799.8
1799.8
1799.8
1799.8
1802.2
1802.2
1802.2
1802.2
1808.0
1808.0
1807.9
1781.8
1781.8
1796.4
1796.4
1796.4
1796.4
1788.0
1799.5
1729.8
1729.8
1729.8
1710.1
1687.6
1616.7
1616.7
1616.7
1561.5
1561.5
1548.7
1560.4
1560.4
1554.3
1554.3
1554.3
1540.0
1539.2
1539.2
1539.2
1583.7
1583.7
1583.7
1548.5
1548.5
1548.5
1548.5
1548.5
1565.7
1565.7
1565.7
1603.9
1628.6
1628.6
1628.6
1612.5
1627.2
1627.2
1660.0
1660.0
1660.0
1655.7
1655.7
1655.7
1689.5
1689.5
1689.5
1718.0
1718.0
1718.0
1718.0
1750.2
1813.0
1813.0
1842.7
1840.8
1700.4
1698.1
1698.1
1675.2
1675.2
1675.2
1648.1
1648.1
1648.1
1648.1
1648.1
1648.1
1648.1
1648.7
1648.7
1717.5
1735.3
1735.3
1756.6
1752.8
1745.1
1745.1
1733.6
1733.6
1728.5
1738.2
1738.2
1676.2
1681.8
1681.8
1681.8
1681.8
1681.8
1678.0
1637.4
1637.4
1637.4
1640.5
1622.9
1617.1
1617.1
1648.3
1628.7
1628.7
1628.7
1628.7
1624.9
1624.9
1624.9
1624.9
1598.1
1619.8
1645.0
1645.0
1655.6
1653.7
1653.7
1654.0
1654.0
1643.2
1643.2
1656.2
1690.6
1690.6
1690.6
1693.6
1693.6
1678.9
1678.9
1721.2
1738.7
1741.0
1741.0
1727.5
1768.2
1768.2
1768.2
1760.7
1760.7
1702.5
1743.1
1743.1
1755.5
1734.4
1734.4
1734.4
1757.8
1750.0
1748.6
1748.6
1748.6
1755.7
1755.7
1755.7
1826.4
1838.4
1890.6
1890.6
1890.6
1890.6
1955.7
1956.6
1957.3
1951.6
2084.5
2073.8
2073.8
2042.4
2061.0
2086.3
2086.3
2086.3
2086.3
2086.3
2081.8
2081.8
2073.0
2073.0
2111.0
2093.9
2109.0
2086.7
2089.3
2117.3
2087.7
2087.7
2039.8
2039.8
1971.4
1971.3
1971.3
1904.9
1904.9
1898.1
1927.7
1927.7
1900.2
1900.0
1900.0
1900.0
1900.0
1833.7
1833.7
1830.8
1830.8
1805.6
1805.6
1805.6
1775.4
1738.5
1745.0
1745.0
1745.0
1746.0
1746.0
1746.0
1752.9
1752.9
1748.2
1748.2
1744.1
1744.1
1760.4
1760.4
1722.4
1742.8
1757.1
1732.6
1732.6
1732.6
1704.3
1704.3
1704.3
1704.3
1704.3
1704.3
1704.3
1704.3
1704.3
1706.2
1667.5
1667.5
1687.5
1772.4
1799.5
1799.5
1815.0
1787.0
1818.6
1885.6
1885.6
1855.6
1863.8
1880.1
1868.5
1868.5
1878.7
1859.1
1859.1
1838.9
1838.9
1871.3
1873.3
1873.3
1873.3
1883.7
1891.5
1888.9
1888.9
1888.3
1853.9
1853.9
1853.9
1855.4
1922.0
1992.1
1992.1
1984.5
1936.5
1875.4
1875.4
1880.5
1880.5
1880.5
1897.6
1897.6
1915.8
1926.0
1926.0
1926.0
1926.0
1925.6
1923.5
1920.3
1916.9
1903.4
1903.4
1851.7
1851.7
1851.7
1851.7
1898.7
1894.2
1920.9
1920.9
1920.9
1920.9
1953.1
1939.3
1939.3
1905.6
1905.6
1905.6
1905.6
1905.6
1905.6
1902.6
1869.8
1869.8
1869.8
1869.8
1889.7
1858.3
1895.7
1870.9
1870.9
1828.2
1736.9
1780.5
1806.7
1806.7
1806.7
1806.7
1806.7
1806.7
1806.7
1821.7
1834.5
1851.9
1851.9
1851.9
1854.4
1854.4
1854.4
1854.4
1854.4
1854.4
1854.4
1854.4
1807.9
1863.4
1863.4
1863.4
1875.2
1877.8
1942.1
1942.1
1931.2
1964.4
1964.4
1979.1
1984.2
1984.2
1984.2
1983.4
1983.4
1970.6
1918.6
1918.6
1923.8
1923.8
1924.0
1891.0
1891.0
1888.3
1893.3
1893.3
1874.9
1868.7
1868.7
1868.7
1868.2
1918.1
1918.1
1890.7
1883.1
1918.1
1918.1
1911.2
1946.8
1960.5
1960.5
1960.5
1960.7
1925.1
1926.0
1926.0
1926.0
1926.0
1926.0
1911.9
1858.1
1950.3
1950.3
1968.9
1981.1
1981.1
1992.8
1968.0
1968.0
1968.0
1968.0
1898.6
1898.6
1854.8
1860.3
1860.3
1876.4
1876.4
1842.4
1842.4
1944.6
1963.0
1963.0
1963.0
1928.0
1928.0
1928.0
1928.0
1936.7
1937.4
1936.1
1936.1
1946.5
1848.9
1852.3
1847.4
1839.7
1858.5
1856.1
1847.1
1847.1
1847.1
1895.8
1895.8
1895.8
1886.9
1881.4
1881.4
1915.5
1909.1
1895.9
1895.9
1866.5
1866.5
1866.5
1866.5
1869.9
1930.7
1935.9
1935.5
1935.0
1935.3
1978.2
1978.2
1978.2
1978.2
1978.2
1937.0
1996.0
1996.0
1975.1
1975.1
1975.1
1949.5
1955.8
1955.8
1906.2
1925.5
1897.8
1897.8
1897.8
1959.5
1959.5
1987.8
1986.4
1988.6
1988.6
1942.7
1971.3
1971.3
1971.3
1989.8
1989.8
2030.7
2039.9
2039.9
2039.9
2041.9
2036.7
2036.7
2036.0
2036.0
2037.3
2037.3
2045.2
2128.0
2078.6
2078.6
2082.8
2015.5
2015.5
2015.5
2020.5
2020.5
2020.4
2018.4
2018.4
2055.8
2050.0
2116.9
2116.9
2113.7
2104.1
2102.4
2088.6
2107.4
2084.8
2082.0
2082.0
2183.9
2183.9
2177.8
2218.0
2218.0
2218.0
2218.0
2218.0
2214.6
2238.4
2256.0
2276.5
2287.8
2258.3
2284.8
2283.3
2297.0
2297.0
2297.0
2325.4
2367.8
2327.2
2257.7
2281.5
2281.5
2281.5
2252.4
2252.4
2252.4
2249.6
2231.4
2263.4
2288.4
2206.3
2206.3
2206.3
2206.3
2195.8
2195.8
2195.8
2197.1
2195.6
2200.4
2212.9
2212.9
2214.2
2214.2
2214.2
2252.4
2267.5
2241.0
2247.0
2233.1
2227.5
2227.5
2228.7
2194.6
2169.9
2156.9
2166.1
2131.9
2127.8
2127.8
2127.8
2127.8
2127.8
2073.2
2073.2
2087.6
2087.6
2089.8
2095.3
2104.8
2104.8
2085.6
2052.7
2052.7
2052.7
2052.3
2052.3
2052.3
2052.3
2052.3
2052.3
2050.3
2023.7
2016.0
2016.0
2018.3
2051.9
2051.9
2045.2
2045.2
2045.2
2045.2
2045.2
2070.9
2070.9
2062.3
2062.3
2062.3
2034.5
2004.9
1989.9
1991.9
1991.9
2023.3
2023.3
2023.3
2021.2
2021.2
2053.4
2053.4
2096.4
2093.6
2093.6
2063.7
2093.6
2048.5
2025.3
2098.2
2091.9
2091.9
2119.3
2119.3
2107.2
2142.3
2142.3
2147.3
2106.2
2106.2
2106.2
2106.2
2106.2
2110.3
2120.5
2120.5
2120.5
2120.5
2123.5
2190.0
2190.0
2190.0
2176.0
2176.0
2176.0
2176.0
2176.0
2176.0
2163.8
2163.8
2238.0
2218.1
2225.9
2235.2
2235.2
2248.0
2248.0
2251.6
2199.0
2199.0
2198.7
2202.1
2202.1
2202.1
2202.1
2190.4
2166.8
2166.8
2187.5
2153.3
2131.9
2123.0
2115.3
2069.0
2069.0
2049.9
2067.6
2081.6
2081.6
2130.4
2071.0
2071.0
2071.0
2123.0
2123.0
2179.7
2166.9
2166.9
2181.7
2181.7
2086.9
2086.9
2089.2
2097.3
2159.9
2159.9
2159.9
2307.0
2318.9
2317.8
2280.0
2266.7
2266.7
2266.7
2253.7
2253.7
2253.7
2257.2
2292.4
2254.2
2255.9
2255.9
2277.3
2281.0
2255.3
2233.8
2246.2
2243.0
2243.0
2243.0
2243.0
2267.3
2267.3
2276.8
2276.8
2231.1
2236.1
2211.4
2189.2
2218.4
2180.4
2180.4
2180.4
2224.0
2214.2
2214.2
2214.2
2215.6
2233.3
2233.3
2227.8
2225.6
2254.7
2259.5
2259.5
2259.5
2255.4
2260.9
2260.9
2218.9
2218.9
2218.9
2218.9
2260.9
2223.1
2211.1
2242.1
2223.8
2194.6
2165.1
2165.1
2165.1
2205.6
2252.8
2244.5
2240.8
2197.8
2181.6
2181.6
2181.6
2129.4
2129.4
2129.4
2138.3
2138.3
2136.1
2136.1
2106.3
2106.3
2136.6
2116.6
2107.0
2107.0
2121.2
2121.2
2151.3
2151.3
2215.9
2215.9
2215.9
2197.1
2228.2
2222.4
2222.4
2208.5
2170.4
2170.4
2107.5
2107.5
2104.3
2115.9
2040.3
2018.6
2009.6
2026.5
2026.5
2023.4
2005.3
2003.8
1988.2
1988.2
1988.2
1988.2
1962.8
1962.8
1953.8
1953.8
1953.8
1953.8
1910.6
1916.8
1916.8
1916.8
1895.9
1917.2
1917.2
1917.2
1917.2
1917.2
1932.6
1932.6
1939.1
1939.1
1939.1
1912.5
1908.1
1910.4
1910.4
1915.7
1919.1
1919.1
1919.1
1919.1
1966.0
1966.0
1944.3
1941.2
1968.7
1978.4
1971.1
1971.1
1971.1
1947.9
1947.9
1958.7
1958.7
1958.7
1971.9
1946.7
1946.7
2002.0
2029.2
2022.4
2022.4
2026.2
2026.2
2015.1
2065.2
2073.9
2073.9
2058.0
2027.8
2027.8
1998.0
1997.7
2069.3
2054.6
2014.7
2014.7
2014.7
2022.4
2007.3
1995.6
2055.4
2034.6
2030.2
2030.2
2030.2
2030.2
2019.1
2019.1
2019.1
2009.6
2006.6
2006.6
2011.4
2011.4
2011.4
2033.9
2030.1
1988.4
1988.4
1988.4
1988.4
1964.6
1960.3
1960.3
1952.7
1952.7
1952.7
1945.9
1945.9
1933.7
1842.0
1837.5
1837.5
1837.5
1842.5
1842.5
1842.5
1842.5
1842.5
1842.5
1853.3
1867.6
1857.5
1830.3
1830.3
1830.3
1910.2
1927.9
1927.9
1998.8
1998.8
1997.0
1990.2
1977.5
1989.9
1989.9
2008.3
1951.8
1954.3
1954.3
1954.3
1954.3
1954.3
1954.3
1929.7
1941.7
1941.7
1941.7
1941.7
1931.0
1809.2
1809.2
1814.5
1814.5
1933.7
1933.7
1933.7
1933.7
1933.7
1933.7
1933.7
1933.7
1933.7
1933.7
1933.7
1914.9
1914.9
1914.9
1870.2
1870.2
1873.5
1873.5
1873.5
1893.8
1893.8
1925.3
1925.3
1919.9
1919.9
1924.2
1924.2
1922.1
1960.6
1960.6
1960.6
1967.4
1903.4
1886.3
1886.3
1892.2
1892.2
1906.8
1906.8
1906.8
1931.8
1939.4
1947.4
1947.4
1902.1
1902.1
1950.5
1950.5
1964.7
1925.8
1905.0
1900.8
1896.0
1896.0
1896.0
1881.6
1881.6
1865.2
1840.9
1838.7
1838.7
1838.7
1852.7
1852.7
1881.0
1882.3
1882.3
1882.3
1874.9
1874.9
1882.4
1882.4
1861.5
1865.8
1849.1
1849.1
1849.1
1849.1
1849.1
1867.0
1883.3
1886.0
1886.0
1886.0
1913.6
1914.8
1914.8
1914.8
1914.8
1914.8
1914.8
1867.1
1918.5
1918.5
1918.5
1881.3
1881.3
1881.3
1829.2
1829.2
1829.2
1829.2
1849.4
1849.4
1849.4
1894.0
1894.0
1889.7
1898.5
1898.5
1898.5
1899.8
1899.8
1927.8
1927.8
1900.7
1936.7
1936.7
1936.7
1936.7
1936.7
1913.7
1913.7
1938.3
1938.3
1938.3
1948.7
1924.3
1932.2
1937.6
1937.6
1945.6
1945.6
1874.8
1874.8
1874.8
1882.0
1882.0
1882.0
1882.0
1882.0
1951.5
1930.8
1930.8
1926.2
1977.2
1928.5
2025.7
2025.2
2025.2
2013.0
2013.0
2044.6
2044.6
2044.6
2041.4
2041.4
2073.4
2073.4
2147.8
2152.7
2158.1
2186.9
2144.9
2173.2
2172.9
2172.9
2184.0
2186.8
2186.8
2191.9
2140.1
2140.1
2140.1
2070.6
2020.6
2020.6
2014.9
1979.3
1977.7
1977.7
1977.7
1984.4
1995.5
1995.5
1995.5
2079.8
2009.8
1988.5
1974.0
1950.0
1950.0
1955.6
1951.6
1951.6
1951.6
1946.6
1922.1
1922.2
1922.2
1922.2
1922.2
1922.2
1922.2
1913.5
1913.5
1913.5
1917.1
1917.1
1885.0
1903.7
1949.7
1967.2
1967.2
1925.4
1948.0
1993.1
1993.1
1993.1
1993.1
1993.1
2025.6
2025.6
2025.6
2025.6
2026.4
2037.1
2037.1
2037.1
2037.1
2052.2
1970.9
1970.9
1923.9
1923.9
1923.9
1923.9
1924.6
1937.9
1937.9
1937.9
1927.7
1930.7
1930.7
1942.3
1942.3
1976.9
1976.9
1976.9
1947.0
1894.2
1894.2
1883.2
1886.6
1886.6
1920.5
1986.8
1986.8
1986.8
1967.7
1967.7
1967.7
1967.7
1967.7
1967.0
1967.0
1942.9
1942.9
1942.9
1879.7
1879.7
1879.7
1879.2
1879.2
1913.1
1913.1
1909.3
1961.5
1982.0
1991.8
2031.7
2031.7
2031.7
1926.9
1926.9
1892.3
1880.7
1880.7
1913.5
1913.5
1913.5
1913.5
1913.5
1913.5
1863.6
1837.1
1820.0
1752.9
1769.0
1769.0
1769.0
1769.0
1750.7
1750.7
1750.7
1753.7
1753.7
1775.3
1803.2
1803.2
1803.2
1815.6
1806.2
1806.2
1789.5
1789.5
1769.9
1769.5
1740.3
1740.3
1740.3
1745.4
1787.8
1787.8
1793.0
1728.1
1728.1
1741.9
1724.4
1724.4
1724.4
1724.4
1724.4
1724.8
1726.5
1726.5
1726.5
1726.5
1726.6
1726.4
1726.4
1726.4
1726.4
1726.4
1775.0
1775.0
1775.0
1775.0
1775.0
1775.0
1775.0
1805.1
1807.2
1807.2
1807.2
1807.2
1793.0
1807.2
1805.4
1805.4
1805.4
1805.4
1815.6
1803.2
1801.6
1845.8
1870.6
1856.8
1894.1
1894.1
1887.8
1887.8
1873.1
1873.1
1914.6
1907.5
1907.5
1842.7
1864.8
1857.2
1857.2
1857.2
1857.2
1857.2
1919.7
1978.0
1961.9
1961.9
1926.4
1914.2
1914.2
1945.9
1956.6
1956.6
1926.2
1926.2
1926.2
1926.2
1926.2
1926.2
1926.2
1926.2
1926.2
1963.9
1963.9
1963.9
1967.1
1989.1
1991.9
1991.9
1991.9
1965.7
1965.2
1971.1
1995.6
1995.6
1977.9
1977.9
1977.9
1977.9
1984.1
1984.1
1984.1
1984.1
1963.3
1894.3
1921.4
1921.4
1954.7
1914.2
1928.0
1910.9
1910.9
1888.1
1879.7
1886.0
1905.2
1905.2
1905.2
1905.2
1903.7
1903.7
1924.4
1917.8
1950.8
1941.6
1941.6
1941.6
1950.1
1953.7
1953.7
1953.7
1953.7
1953.7
1890.7
1892.1
1891.8
1891.8
1891.8
1891.8
1891.8
1880.7
1880.7
1852.4
1864.4
1861.1
1826.4
1838.7
1838.7
1839.7
1839.7
1837.3
1837.3
1837.3
1830.8
1836.6
1839.4
1839.4
1852.5
1852.5
1863.3
1863.3
1850.0
1850.0
1902.6
1899.8
1883.6
1883.6
1883.6
1883.6
1890.0
1878.7
1824.4
1828.7
1828.7
1828.7
1816.3
1849.7
1845.8
1845.8
1849.0
1860.6
1860.6
1857.4
1804.3
1804.3
1804.3
1825.9
1825.9
1806.1
1824.7
1824.7
1821.3
1821.3
1821.3
1821.3
1821.3
1802.7
1807.0
1807.0
1775.1
1781.3
1777.1
1777.1
1777.1
1777.1
1777.1
1777.1
1777.1
1766.4
1766.4
1766.4
1801.4
1801.4
1801.4
1801.4
1801.4
1801.4
1801.4
1818.8
1818.8
1818.6
1818.6
1818.6
1818.6
1818.6
1819.6
1847.9
1838.7
1866.4
1866.4
1861.0
1861.0
1861.0
1827.9
1827.9
1831.9
1831.9
1831.9
1831.9
1822.2
1822.2
1822.2
1795.8
1755.3
1770.0
1770.0
1772.7
1772.7
1772.7
1821.7
1820.6
1820.6
1820.6
1820.6
1818.8
1780.9
1780.9
1853.9
1859.6
1857.7
1857.7
1857.7
1857.7
1857.7
1857.7
1857.7
1857.7
1857.7
1828.1
1828.1
1857.5
1857.5
1884.9
1884.9
1884.9
1883.0
1883.0
1853.9
1867.7
1857.5
1857.5
1828.3
1872.5
1927.6
1927.6
1917.2
1922.9
1952.1
1952.1
1979.5
1983.4
1965.3
1965.3
1965.3
1967.6
2017.4
2016.4
2015.3
2030.3
2058.1
2038.8
2038.8
2040.4
2040.4
2040.4
2057.0
2057.6
2057.6
2014.4
1915.4
1915.4
1939.1
1936.9
1942.1
1942.1
1963.7
1964.1
1964.1
1916.0
1918.9
1918.9
1877.4
1877.4
1891.3
1891.3
1911.0
1911.0
1911.0
1910.3
1908.5
1914.3
1916.1
1972.9
1930.9
1930.9
1840.2
1940.6
1940.6
2013.3
2013.3
1972.8
1972.8
2001.2
2065.1
2052.0
2052.0
2010.6
2010.6
1998.3
1998.3
2044.1
2032.4
2032.4
2032.4
2032.4
2086.3
2118.0
2118.0
2118.0
2078.2
2050.7
2002.5
2029.0
2029.0
2029.0
2019.7
1966.4
1966.4
1966.4
1966.4
1966.4
1966.4
1981.6
1970.6
1949.8
1976.4
1976.4
1955.6
1952.0
1943.9
1943.9
1946.6
1946.6
1946.6
1946.6
1946.6
1946.6
1946.6
1982.6
2002.5
2006.5
2018.1
2018.1
2018.1
2018.1
2018.1
2012.1
2012.1
2012.1
2012.1
2012.1
2012.1
2007.7
2006.0
2006.0
2006.0
2006.0
2006.0
2121.6
2101.4
2086.1
2083.4
2083.4
2091.9
2072.3
2065.7
2085.5
2095.4
2095.4
2095.4
2083.2
2075.6
2076.0
2070.8
2052.7
2030.4
2030.4
2030.4
2030.4
2030.4
2050.8
2190.6
2195.5
2199.7
2199.7
2199.7
2191.8
2204.5
2204.5
2204.5
2204.5
2217.8
2217.8
2205.1
2182.4
2159.9
2159.9
2105.2
2096.5
2096.5
2096.5
2144.9
2173.3
2173.3
2173.1
2212.2
2176.2
2163.2
2163.2
2163.2
2102.4
2064.5
2052.4
2052.4
2050.8
2050.8
2050.8
2050.8
2053.6
2053.6
2063.3
2085.7
2070.5
2070.5
2085.3
2069.6
2069.6
2069.6
2069.6
2083.8
2083.8
2083.8
2083.8
2098.4
2098.4
2105.4
2105.4
2099.6
2092.6
2092.6
2096.5
2096.5
2096.5
2086.6
2086.6
2059.6
2059.6
2059.6
2049.1
2049.1
2049.1
2044.1
2022.4
2007.9
2007.9
2007.9
2007.9
2007.9
2017.8
1992.2
1992.2
1945.5
1908.1
1908.1
1908.1
1908.1
1903.3
1894.2
1894.2
1894.2
1894.2
1894.2
1879.4
1856.8
1856.8
1856.8
1858.8
1878.5
1877.6
1877.6
1877.6
1882.4
1882.4
1882.4
1882.4
1887.9
1887.9
1887.9
1881.0
1881.0
1888.6
1888.6
1930.0
1928.8
1928.8
1928.8
1928.8
1942.4
1942.4
1973.4
2017.9
2017.9
2017.9
2025.9
2025.9
2024.3
1936.3
1936.3
1916.8
1923.4
1923.4
1894.7
1894.7
1894.7
1894.7
1927.0
1927.0
1957.0
1964.1
1939.7
1939.7
1939.7
1939.7
1952.1
1886.8
1966.3
1966.3
1966.3
2005.7
2005.7
2014.9
2014.9
2014.9
1920.6
1920.6
1920.6
1920.6
1920.6
1920.6
1868.4
1873.6
1873.6
1858.8
1858.8
1858.8
1858.8
1858.8
1858.8
1846.4
1822.0
1822.0
1830.3
1830.3
1829.6
1818.0
1810.3
1857.9
1857.6
1860.2
1909.4
1909.4
1961.4
1961.8
1951.6
1942.5
1942.5
1942.5
1955.2
1955.2
1944.4
1944.4
1923.8
1923.0
1923.0
1923.0
1919.1
1839.5
1798.2
1798.2
1762.6
1762.6
1762.6
1778.0
1778.0
1778.0
1747.8
1702.2
1640.3
1629.0
1629.0
1705.9
1705.9
1705.9
1705.9
1703.1
1703.1
1703.1
1703.1
1703.1
1703.1
1703.1
1703.1
1753.3
1772.9
1772.9
1772.9
1772.9
1772.9
1846.0
1846.0
1846.0
1847.3
1850.0
1850.0
1850.0
1848.4
1848.4
1892.2
1892.2
1919.5
1817.6
1817.6
1817.6
1786.5
1776.7
1776.7
1776.7
1776.7
1776.7
1761.6
1758.3
1683.8
1683.8
1685.3
1685.3
1685.3
1685.3
1685.3
1730.3
1834.1
1825.0
1840.8
1840.8
1840.8
1840.8
1840.8
1826.6
1832.4
1832.4
1832.4
1796.6
1796.6
1815.9
1900.3
1900.3
1900.3
1900.3
1900.3
1900.3
1885.4
1991.9
1991.9
2025.5
2037.5
2051.3
2051.3
2051.3
2051.3
2056.0
2048.4
2039.6
2066.5
2066.5
2011.5
2011.5
2011.5
1974.3
1974.3
2002.3
2000.7
2000.7
1957.5
1932.9
1927.8
1927.8
1911.2
1905.2
1905.2
1905.2
1905.2
1905.2
1905.2
1899.6
1899.6
1905.3
1903.0
1889.1
1889.1
1885.8
1845.7
1817.1
1817.1
1817.1
1802.1
1824.0
1824.0
1824.0
1824.0
1824.0
1833.4
1840.5
1804.4
1804.4
1804.4
1880.7
1807.2
1807.2
1807.2
1874.1
1834.2
1834.2
1834.2
1831.0
1831.0
1791.1
1791.1
1791.1
1791.1
1848.5
1848.5
1894.5
1894.5
1894.5
1894.5
1891.8
1892.0
1891.4
1898.4
1898.4
1912.4
1912.2
1912.2
1919.6
1919.6
1929.5
1929.5
1929.5
1939.1
1939.1
1941.9
1941.9
1941.9
1920.1
1955.6
1952.1
1952.1
1952.1
1951.0
1951.0
1951.0
1951.0
1979.0
2001.9
2001.9
2004.9
2036.4
2036.4
2043.1
2047.3
2022.0
2034.3
2034.3
2031.3
2044.3
2045.6
2045.6
2045.6
2045.6
2045.6
2045.6
2039.1
2035.2
2010.1
2041.6
2031.5
2031.5
2031.5
2031.5
2047.0
2072.3
2053.3
2044.2
2044.2
1972.2
1972.2
1972.2
1972.2
1976.2
1932.5
1932.5
1932.5
1932.5
1932.5
1932.5
1916.8
1916.8
1908.9
1905.4
1905.4
1905.4
1968.0
1968.0
1989.9
1983.8
1972.2
1930.6
1915.9
1916.2
1942.6
1942.6
1942.6
1942.6
1942.6
1899.9
1899.9
1921.0
1921.0
1921.0
1926.1
1908.6
1907.8
1907.8
1889.7
1889.7
1889.8
1906.2
1865.6
1883.0
1883.0
1849.0
1849.0
1849.0
1849.0
1852.7
1872.7
1878.1
1878.9
1878.9
1878.9
1882.7
1879.3
1879.3
1859.8
1859.8
1855.3
1855.3
1843.4
1843.4
1891.5
1891.5
1891.5
1926.2
1886.5
1947.5
1984.1
1988.2
1981.7
1981.7
1984.1
1978.9
1989.4
1998.9
1998.9
1998.9
1998.9
1998.9
1998.0
1988.7
1958.6
1958.6
1958.6
1958.6
1973.1
1899.5
1899.5
1899.5
1881.3
1881.3
1881.3
1881.3
1881.3
1829.2
1829.2
1829.2
1829.2
1829.2
1829.2
1829.2
1829.2
1830.9
1839.6
1815.7
1842.4
1842.4
1845.7
1849.9
1872.5
1922.5
1922.5
1922.5
2032.6
2025.8
2037.0
2039.2
2039.2
2056.8
2056.8
2039.1
2039.1
2039.1
2039.1
2039.1
2049.7
2049.7
2049.7
2049.7
2049.7
2049.7
2049.7
1987.1
1987.1
1979.5
2020.5
1989.9
1989.9
1996.0
2006.5
1998.7
2015.0
2015.0
2033.5
2033.5
2032.0
2029.8
2082.7
2087.8
2087.8
2095.0
2041.1
2002.6
2002.6
1982.8
1979.6
1979.6
1979.6
1938.8
1933.1
1933.1
1933.1
1933.1
1933.1
1933.1
1933.1
1924.6
1924.6
1842.8
1824.8
1824.8
1824.8
1824.8
1827.6
1827.6
1827.6
1824.0
1824.0
1824.0
1832.5
1832.5
1830.0
1830.0
1871.8
1874.9
1874.9
1874.9
1846.2
1846.2
1857.8
1831.1
1839.4
1839.4
1810.5
1810.5
1829.8
1829.8
1789.3
1789.3
1794.9
1794.9
1794.9
1794.0
1809.0
1824.6
1824.6
1878.4
1878.4
1878.4
1918.2
1918.2
1922.7
1922.7
1922.7
1919.8
1919.8
1911.0
1911.0
1885.6
1885.6
1894.7
1894.7
1883.0
1884.1
1884.1
1863.3
1881.8
1918.9
1918.9
1840.0
1840.0
1840.0
1828.7
1786.0
1798.7
1798.7
1798.7
1798.7
1817.8
1836.7
1836.7
1822.3
1811.9
1811.9
1811.9
1811.9
1770.8
1762.5
1780.2
1780.2
1780.2
1780.2
1780.2
1780.2
1780.2
1780.2
1743.5
1743.5
1743.5
1743.5
1728.5
1728.5
1743.7
1743.7
1743.7
1757.4
1757.4
1804.2
1830.7
1820.8
1807.9
1820.4
1820.4
1820.4
1820.4
1813.4
1807.8
1807.8
1807.8
1837.2
1851.4
1851.4
1851.4
1891.2
1891.2
1832.4
1833.0
1830.7
1832.2
1795.1
1860.3
1860.3
1887.5
1887.5
1887.5
1887.5
1884.7
1870.7
1868.5
1868.5
1850.3
1875.4
1877.8
1871.7
1873.9
1904.8
1904.8
1910.4
1960.0
1947.2
1884.2
1884.2
1884.2
1869.7
1869.7
1883.9
1883.9
1883.9
1878.2
1878.2
1878.2
1878.2
1885.3
1885.3
1889.5
1932.7
1904.0
1899.1
1870.9
1920.3
1946.4
1946.4
1968.0
1919.6
1795.8
1795.8
1735.7
1735.7
1753.6
1753.6
1753.6
1869.8
1874.7
1874.7
1874.7
1874.7
1874.7
1874.7
1874.7
1874.7
1874.7
1855.1
1860.2
1860.2
1860.2
1890.8
1890.8
1868.3
1868.7
1826.4
1887.8
1887.8
1901.6
1901.6
1896.9
1896.9
1896.9
1896.9
1896.9
1896.9
1913.0
1939.8
1939.8
1939.8
1939.8
1880.1
1864.4
1864.4
1840.2
1840.2
1865.4
1865.4
1865.4
1865.4
1860.9
1860.9
1860.9
1854.5
1857.8
1857.8
1857.8
1870.5
1920.1
1873.4
1873.4
1873.4
1932.3
1932.3
1932.3
1932.3
1932.3
1920.4
1946.4
1933.5
1868.3
1868.3
1868.2
1868.2
1868.2
1868.2
1863.9
1913.1
1913.1
1914.0
1914.2
1931.0
1906.6
1918.8
1918.8
1902.9
1902.9
1902.9
1902.9
1902.9
1904.8
1904.8
1904.8
1907.3
1949.0
1949.0
1910.3
1837.6
1788.0
1779.6
1803.4
1803.4
1849.1
1818.9
1818.9
1826.6
1843.2
1843.2
1843.2
1843.2
1899.9
1899.9
1899.9
1899.9
1899.9
1931.9
1873.5
1862.4
1862.4
1843.9
1843.5
1847.4
1847.4
1815.5
1815.5
1815.5
1869.5
1873.5
1878.2
1878.2
1948.7
1946.5
1946.5
1946.5
1946.5
1950.0
1950.0
1950.0
1959.6
1954.6
1945.5
1906.8
1918.2
1937.1
1937.1
1947.4
1947.4
1907.3
1968.2
1973.2
1973.2
1992.7
2020.1
2020.1
2020.1
1974.2
1974.2
1996.6
1996.9
1996.5
1996.5
1996.5
1996.1
2021.0
2021.0
2021.0
2021.0
2037.5
2028.5
2041.2
2041.2
2041.2
2041.2
2041.2
2040.7
2052.2
2055.6
2055.6
2055.6
2046.2
2061.4
2079.5
2057.0
2025.0
2026.9
2026.9
2026.9
2026.9
2039.3
2039.3
2039.3
2039.3
2039.3
2061.7
2042.0
2042.0
2048.1
2085.4
2085.4
2085.4
2088.4
2082.4
2082.5
2082.5
2082.5
2066.8
2051.8
2043.8
2036.4
2027.6
2016.9
2028.1
2039.5
2039.5
2039.5
2039.5
2039.5
2039.5
2051.6
2051.6
2051.6
2026.3
2026.3
1979.1
1942.0
1942.0
1942.0
1947.1
1952.4
1897.3
1871.8
1870.7
1870.7
1866.5
1866.5
1866.5
1858.3
1871.8
1875.0
1875.0
1875.4
1872.4
1872.4
1872.4
1842.4
1842.4
1842.4
1890.2
1906.9
1877.2
1877.2
1877.2
1877.2
1825.1
1825.1
1815.6
1815.6
1815.6
1815.6
1811.8
1811.8
1807.7
1807.7
1793.2
1777.7
1777.7
1754.1
1754.1
1764.9
1745.0
1745.0
1668.2
1633.7
1581.8
1589.4
1579.5
1600.1
1598.3
1598.3
1598.3
1614.9
1605.7
1605.7
1559.8
1559.8
1559.8
1572.3
1572.3
1572.3
1572.3
1572.3
1572.3
1572.3
1561.4
1561.4
1560.2
1554.6
1546.1
1546.1
1547.7
1547.7
1547.7
1547.7
1599.2
1611.7
1628.4
1628.4
1628.4
1628.4
1640.9
1640.9
1640.9
1640.9
1640.9
1640.9
1640.9
1640.9
1640.9
1660.5
1708.2
1708.2
1707.2
1707.2
1707.2
1710.6
1710.6
1684.6
1684.6
1705.6
1820.2
1813.4
1813.4
1813.4
1811.0
1811.0
1811.0
1811.0
1796.7
1827.7
1827.7
1827.7
1827.7
1827.9
1827.9
1827.9
1827.9
1827.9
1835.6
1835.6
1835.6
1881.1
1881.1
1870.4
1856.0
1844.1
1810.3
1810.3
1822.2
1822.2
1812.7
1812.7
1812.7
1812.7
1817.7
1817.7
1828.4
1837.9
1851.1
1843.5
1843.5
1843.5
1843.5
1821.9
1830.4
1830.4
1825.8
1825.8
1825.8
1825.7
1848.0
1844.6
1779.1
1823.4
1823.4
1822.9
1850.9
1850.9
1850.9
1855.3
1880.2
1880.2
1825.2
1815.6
1815.6
1815.6
1815.6
1815.6
1815.6
1805.5
1805.5
1794.7
1794.7
1794.7
1794.7
1792.5
1792.5
1792.5
1792.5
1787.3
1787.3
1814.3
1814.3
1817.2
1817.2
1817.2
1817.2
1819.6
1819.6
1827.0
1827.0
1827.0
1835.6
1835.6
1835.6
1832.8
1881.4
1961.9
1961.9
1961.9
1961.9
1961.9
1921.7
1936.2
1936.2
1936.2
1936.2
1936.2
1924.8
1924.8
1924.8
1924.8
1924.8
1877.9
1910.7
1892.3
1892.3
1892.3
1904.1
1904.1
1904.1
1898.8
1898.8
1899.0
1899.0
1867.9
1833.2
1833.2
1833.2
1833.2
1870.1
1870.1
1885.1
1896.2
1896.2
1896.2
1855.7
1855.7
1855.7
1855.7
1855.7
1866.2
1866.2
1866.2
1880.3
1855.7
1855.7
1872.3
1872.3
1872.3
1868.2
1899.1
1899.1
1899.1
1899.1
1873.8
1873.8
1840.3
1836.0
1836.0
1836.0
1876.4
1874.7
1876.3
1876.3
1876.3
1876.3
1873.3
1873.3
1873.3
1873.3
1874.8
1874.8
1905.9
1876.6
1876.6
1876.6
1876.7
1898.9
1873.9
1842.5
1842.5
1842.5
1842.5
1842.5
1935.6
1935.6
1927.0
1927.0
1928.3
1928.3
1904.2
1904.2
1878.3
1878.3
1878.3
1852.1
1852.1
1845.8
1845.8
1845.8
1855.5
1881.8
1881.8
1890.3
1843.9
1843.9
1853.0
1841.1
1817.7
1817.7
1817.7
1766.6
1766.6
1766.6
1766.6
1767.0
1753.6
1751.3
1759.5
1774.6
1772.8
1816.6
1813.2
1814.6
1814.6
1822.2
1774.5
1774.5
1774.5
1766.3
1766.3
1766.7
1765.5
1765.5
1775.7
1775.7
1775.7
1775.4
1775.4
1791.3
1791.3
1740.3
1777.5
1777.5
1777.5
1781.2
1776.9
1776.9
1776.9
1776.9
1775.0
1775.0
1775.0
1775.0
1775.0
1775.0
1729.6
1729.6
1766.9
1766.9
1782.7
1782.7
1779.0
1772.7
1724.3
1745.7
1763.3
1773.4
1773.4
1783.4
1783.4
1744.9
1744.9
1744.9
1744.9
1744.9
1735.0
1738.7
1738.7
1738.7
1738.7
1721.9
1721.9
1721.9
1721.9
1722.2
1722.2
1722.2
1722.4
1722.4
1722.4
1708.6
1708.6
1720.3
1809.6
1809.6
1809.6
1809.6
1797.6
1798.6
1798.6
1785.0
1785.0
1785.0
1785.9
1785.9
1785.9
1736.6
1739.6
1777.3
1777.3
1774.9
1818.6
1818.6
1823.4
1823.4
1823.4
1823.4
1833.5
1834.2
1777.3
1760.3
1814.1
1814.1
1814.1
1814.1
1814.1
1812.8
1805.2
1805.2
1805.2
1805.2
1805.2
1787.2
1787.2
1846.4
1833.4
1794.3
1794.9
1794.9
1794.9
1809.8
1809.8
1809.8
1809.8
1809.8
1809.8
1784.8
1796.4
1780.6
1780.6
1742.2
1742.2
1747.1
1747.1
1747.1
1759.3
1759.3
1759.3
1759.3
1759.3
1783.5
1783.5
1783.5
1783.5
1803.2
1803.2
1803.2
1803.2
1803.2
1803.2
1778.5
1778.5
1699.5
1699.5
1700.0
1741.0
1729.8
1783.0
1783.0
1818.4
1818.4
1797.3
1747.5
1747.5
1735.2
1735.2
1735.5
1735.5
1769.6
1769.6
1769.6
1759.1
1759.1
1759.1
1759.1
1759.1
1756.7
1756.7
1770.0
1770.0
1767.2
1764.6
1764.5
1764.5
1764.5
1764.5
1762.0
1762.0
1762.0
1794.1
1751.0
1751.0
1789.1
1789.1
1765.6
1730.4
1730.4
1703.8
1703.8
1703.8
1736.4
1736.4
1736.4
1736.4
1741.6
1743.8
1738.6
1738.6
1666.8
1666.0
1666.0
1666.0
1669.7
1666.0
1645.8
1672.7
1672.7
1679.6
1679.6
1682.7
1663.7
1663.7
1663.7
1686.4
1686.4
1670.1
1670.1
1651.8
1651.8
1648.6
1648.6
1648.6
1648.6
1676.1
1676.1
1676.1
1676.1
1710.9
1696.0
1696.0
1624.4
1635.0
1622.1
1622.1
1622.1
1622.1
1622.1
1567.0
1567.0
1567.0
1562.2
1562.2
1638.1
1638.1
1627.3
1627.3
1640.9
1640.9
1660.9
1654.9
1660.3
1665.0
1665.0
1669.9
1669.9
1669.9
1672.3
1672.3
1647.3
1663.2
1662.4
1662.4
1691.0
1716.3
1716.3
1716.3
1716.3
1716.3
1715.7
1715.7
1718.5
1724.0
1724.0
1677.2
1677.2
1677.2
1677.1
1692.6
1692.6
1697.6
1685.2
1690.2
1690.2
1690.2
1690.2
1731.3
1598.1
1598.1
1598.1
1583.6
1612.5
1612.4
1612.4
1612.4
1612.4
1610.3
1610.3
1609.3
1599.0
1582.9
1582.9
1582.9
1583.8
1583.8
1583.8
1583.8
1625.8
1673.9
1694.7
1694.7
1694.7
1694.7
1668.0
1668.0
1668.0
1694.8
1694.8
1694.8
1694.8
1694.8
1692.0
1699.3
1651.0
1651.0
1651.0
1651.0
1651.0
1651.0
1651.0
1651.0
1651.0
1651.0
1651.0
1651.0
1698.0
1698.0
1698.5
1711.7
1715.0
1715.0
1715.0
1710.6
1763.6
1742.5
1742.5
1742.5
1742.5
1742.5
1749.7
1749.0
1749.0
1759.5
1692.1
1692.1
1687.8
1687.7
1687.7
1746.9
1746.9
1746.9
1729.2
1729.2
1729.2
1729.2
1729.2
1729.2
1729.2
1729.2
1767.6
1756.7
1756.7
1756.7
1756.7
1772.6
1788.3
1808.2
1808.2
1780.0
1874.3
1874.3
1908.2
1908.2
1897.7
1897.7
1897.7
1897.7
1897.7
1897.7
1897.7
1897.7
1897.7
1860.7
1881.2
1881.2
1881.2
1881.2
1881.2
1881.2
1881.2
1890.2
1890.2
1889.7
1922.2
1947.2
1941.7
1941.7
1942.4
1942.4
1960.5
1960.4
1927.8
1927.8
1996.8
2029.9
2029.9
2034.3
2034.3
1998.2
1998.2
2004.4
2004.4
1970.6
1981.5
1981.5
1981.5
1912.2
1912.2
1871.6
1862.7
1870.9
1870.9
1870.9
1870.9
1880.8
1880.8
1892.4
1892.4
1892.4
1919.3
1919.3
1855.7
1855.7
1855.7
1847.4
1847.4
1815.7
1815.7
1815.7
1815.7
1812.5
1776.4
1776.4
1785.8
1785.8
1785.8
1788.3
1788.3
1788.3
1788.3
1815.2
1815.2
1775.4
1780.9
1696.8
1695.4
1701.8
1701.8
1701.8
1701.8
1701.8
1701.8
1701.8
1705.8
1780.2
1810.3
1810.3
1803.0
1803.0
1768.8
1771.3
1719.3
1719.3
1719.3
1719.3
1719.3
1732.8
1709.6
1709.6
1709.6
1711.1
1711.1
1711.1
1711.1
1711.2
1711.2
1711.7
1718.1
1718.1
1718.1
1702.7
1702.7
1702.7
1733.1
1733.1
1683.0
1716.6
1712.6
1712.6
1615.9
1615.9
1682.4
1682.4
1682.4
1682.4
1736.2
1735.5
1735.5
1735.5
1731.7
1750.5
1734.2
1709.1
1709.1
1709.1
1671.1
1671.1
1671.1
1671.1
1626.4
1600.7
1600.7
1600.7
1600.7
1600.7
1588.9
1588.9
1601.0
1601.0
1601.0
1601.0
1601.0
1601.0
1629.2
1629.2
1632.6
1638.9
1628.5
1628.5
1624.5
1649.4
1649.4
1732.3
1732.3
1698.2
1698.2
1698.2
1652.6
1652.6
1652.6
1666.7
1666.7
1666.7
1656.1
1656.1
1664.6
1622.5
1611.8
1610.6
1610.6
1621.6
1621.6
1621.2
1633.4
1633.4
1617.5
1617.5
1617.5
1617.5
1617.5
1631.9
1637.3
1637.3
1637.3
1637.3
1637.3
1637.3
1673.2
1673.2
1737.3
1737.3
1737.3
1737.3
1732.3
1726.5
1726.5
1726.5
1726.5
1726.5
1726.5
1726.5
1726.5
1726.5
1726.5
1726.5
1726.5
1675.8
1678.8
1678.8
1685.6
1679.6
1670.6
1677.1
1677.1
1677.1
1689.2
1681.7
1720.3
1696.7
1696.7
1692.9
1680.6
1680.6
1658.0
1658.0
1665.6
1657.5
1657.5
1670.2
1662.8
1642.2
1642.2
1642.2
1642.2
1642.2
1616.6
1613.8
1573.0
1573.0
1573.0
1573.0
1573.0
1573.0
1573.0
1605.0
1605.0
1609.8
1609.8
1609.8
1609.8
1574.5
1586.7
1586.7
1533.6
1533.6
1533.6
1558.3
1558.3
1558.3
1558.3
1558.3
1558.3
1544.8
1544.8
1520.7
1520.7
1520.7
1481.7
1481.7
1481.7
1481.7
1459.0
1459.0
1459.0
1459.0
1475.6
1475.6
1475.6
1500.3
1500.3
1500.3
1500.3
1512.1
1429.1
1411.8
1392.0
1380.6
1380.6
1380.6
1380.6
1380.6
1309.4
1309.4
1309.4
1294.8
1294.8
1294.8
1294.8
1294.8
1303.6
1303.6
1303.6
1303.6
1303.6
1302.5
1302.5
1302.5
1302.5
1302.5
1302.5
1302.5
1302.5
1302.5
1285.4
1285.4
1290.6
1290.7
1297.6
1305.5
1305.5
1305.5
1305.5
1305.5
1305.5
1324.1
1324.1
1324.1
1324.1
1324.1
1324.1
1324.1
1324.1
1324.1
1324.1
1329.8
1308.4
1295.6
1295.6
1295.6
1295.6
1297.9
1297.9
1297.9
1297.9
1297.9
1361.4
1361.4
1361.4
1361.4
1361.4
1366.0
1357.2
1357.2
1357.2
1357.2
1357.2
1357.2
1357.2
1334.5
1334.5
1334.5
1317.6
1243.8
1243.8
1243.8
1243.8
1243.8
1243.8
1243.8
1243.8
1243.8
1243.8
1242.9
1242.9
1242.9
1261.2
1273.1
1238.3
1247.9
1247.9
1247.9
1245.0
1245.0
1247.9
1271.8
1296.9
1296.9
1296.9
1296.9
1296.9
1331.6
1331.6
1331.6
1331.6
1331.6
1426.2
1426.2
1445.0
1447.5
1447.5
1447.5
1447.5
1489.8
1489.8
1489.8
1489.8
1489.8
1490.6
1534.4
1479.1
1480.7
1458.1
1466.1
1476.4
1476.4
1478.0
1478.0
1478.0
1478.0
1478.0
1478.0
1474.5
1474.5
1474.5
1474.5
1474.5
1464.1
1464.1
1464.1
1464.1
1464.1
1489.3
1489.3
1489.3
1476.8
1505.6
1505.6
1525.7
1561.6
1561.6
1561.6
1561.6
1561.6
1572.1
1572.1
1572.1
1572.1
1572.1
1573.3
1566.5
1566.5
1592.0
1592.0
1592.0
1592.0
1592.0
1592.0
1592.0
1592.0
1592.0
1592.0
1592.0
1602.6
1659.9
1659.9
1671.7
1671.7
1622.8
1622.8
1601.4
1601.4
1601.4
1601.4
1598.7
1598.7
1598.7
1598.7
1596.2
1556.6
1526.9
1540.4
1538.3
1538.3
1538.3
1538.3
1532.3
1532.3
1553.1
1563.3
1557.3
1557.3
1557.3
1557.3
1558.5
1558.5
1558.5
1558.5
1568.2
1568.2
1568.2
1576.6
1576.6
1576.6
1576.6
1576.6
1576.6
1576.6
1576.6
1576.6
1576.6
1576.6
1582.8
1582.8
1582.8
1583.9
1583.9
1621.1
1595.3
1619.8
1619.8
1619.8
1619.8
1571.7
1571.7
1546.9
1546.9
1546.9
1546.9
1546.2
1546.2
1546.2
1546.2
1567.9
1592.2
1565.5
1565.5
1575.9
1575.9
1575.9
1587.4
1587.4
1587.4
1587.4
1587.4
1589.7
1589.7
1548.6
1548.1
1548.1
1512.0
1512.0
1512.0
1512.0
1512.2
1505.7
1514.7
1514.7
1496.4
1486.0
1486.0
1486.0
1486.0
1488.1
1483.3
1483.3
1483.3
1483.3
1483.3
1483.3
1483.3
1483.3
1483.3
1502.4
1502.4
1502.4
1502.4
1502.4
1496.5
1496.5
1496.5
1496.5
1496.5
1496.5
1496.5
1478.7
1470.4
1470.4
1470.4
1493.1
1493.1
1493.1
1493.1
1504.0
1480.7
1532.0
1532.0
1548.1
1548.1
1519.5
1519.5
1519.5
1519.5
1519.5
1519.5
1519.5
1530.8
1618.3
1618.3
1618.3
1618.3
1618.3
1617.6
1617.6
1617.6
1617.6
1617.6
1611.2
1611.2
1611.2
1559.7
1559.7
1550.9
1550.9
1550.9
1550.9
1556.9
1551.0
1551.0
1551.0
1551.0
1551.0
1551.0
1551.0
1538.6
1538.6
1538.6
1538.6
1551.5
1537.8
1537.8
1537.8
1537.8
1523.7
1523.7
1523.7
1522.0
1522.0
1522.0
1522.0
1522.0
1522.0
1522.0
1530.9
1568.8
1568.8
1626.3
1626.3
1626.3
1626.3
1626.3
1626.3
1625.0
1625.0
1657.8
1645.3
1645.3
1741.4
1713.0
1713.0
1713.0
1715.3
1715.3
1715.3
1715.3
1715.3
1715.3
1715.3
1710.5
1710.5
1739.0
1725.7
1713.5
1720.6
1715.1
1715.1
1715.1
1715.1
1715.1
1715.1
1715.1
1715.1
1639.1
1587.8
1589.9
1589.9
1621.4
1614.8
1614.8
1613.0
1622.7
1591.4
1591.4
1591.4
1591.4
1591.4
1591.4
1591.4
1591.4
1621.8
1684.3
1678.6
1643.2
1659.2
1659.2
1659.2
1679.9
1681.8
1681.8
1681.8
1664.6
1664.6
1664.6
1664.6
1657.5
1657.5
1657.5
1657.5
1701.5
1701.5
1701.5
1701.5
1701.5
1688.3
1688.3
1688.3
1688.3
1688.3
1687.5
1687.5
1687.5
1693.2
1693.2
1693.2
1706.1
1706.1
1657.7
1657.7
1657.7
1657.7
1657.7
1657.7
1661.8
1656.8
1656.8
1656.8
1656.8
1656.8
1687.8
1687.8
1687.8
1687.8
1663.9
1629.5
1629.5
1661.0
1697.8
1697.8
1711.9
1697.9
1708.5
1710.9
1710.9
1710.9
1710.9
1712.2
1712.2
1712.2
1712.2
1703.4
1703.4
1701.7
1700.1
1700.1
1781.3
1781.3
1750.3
1750.3
1750.3
1752.7
1752.7
1752.7
1778.6
1787.5
1787.5
1787.5
1787.5
1787.5
1778.2
1778.2
1770.1
1770.1
1770.1
1770.1
1770.1
1770.1
1770.1
1770.1
1770.1
1754.0
1754.0
1754.0
1751.3
1751.3
1751.3
1751.3
1751.3
1751.3
1754.5
1759.0
1759.0
1759.0
1751.3
1751.3
1751.3
1735.4
1735.4
1762.7
1782.5
1771.9
1771.9
1790.4
1742.7
1742.7
1742.7
1742.7
1742.7
1662.9
1662.9
1662.9
1662.9
1662.9
1662.9
1654.4
1654.4
1668.7
1668.7
1703.1
1703.1
1703.1
1722.9
1722.9
1722.9
1722.9
1664.1
1664.1
1630.8
1630.8
1630.8
1630.8
1630.8
1630.8
1630.8
1636.7
1636.7
1636.7
1636.7
1621.8
1642.2
1642.2
1642.2
1642.2
1667.3
1667.3
1667.3
1659.0
1656.0
1656.0
1624.4
1624.4
1669.0
1742.5
1746.2
1783.9
1783.9
1746.4
1746.4
1746.4
1729.0
1729.0
1729.0
1729.3
1719.9
1719.9
1719.9
1719.9
1717.2
1684.3
1689.0
1689.0
1690.4
1690.4
1690.4
1690.4
1691.7
1691.7
1691.7
1691.7
1691.7
1748.6
1748.6
1723.6
1723.6
1769.3
1778.9
1778.9
1778.9
1778.7
1778.7
1778.7
1778.7
1778.7
1778.7
1778.7
1794.6
1794.6
1794.6
1812.4
1835.8
1835.8
1790.3
1807.4
1823.9
1826.3
1802.1
1842.5
1842.5
1842.5
1796.8
1796.8
1796.8
1796.8
1796.8
1796.8
1796.8
1796.8
1796.8
1796.8
1796.8
1796.8
1762.8
1752.7
1752.7
1832.5
1845.9
1863.1
1863.1
1859.2
1859.2
1871.3
1865.9
1842.0
1844.7
1867.8
1867.8
1867.8
1855.6
1874.0
1874.0
1874.6
1899.8
1899.8
1908.7
1966.8
1964.2
1964.2
1973.6
1973.6
1973.6
1973.6
1953.7
1938.8
1980.1
1963.8
1955.6
1955.6
1948.4
1948.4
1931.2
1829.3
1829.3
1829.3
1829.3
1948.2
1948.4
1948.4
1951.4
1951.4
1951.4
1951.4
1952.4
1952.4
1952.4
1924.4
1924.4
1924.4
1924.4
1918.4
1918.4
1918.4
1919.5
1919.5
1946.3
1910.7
1910.7
1913.2
1922.8
1922.8
1922.8
1922.8
1890.5
1886.9
1886.9
1886.9
1886.9
1863.5
1819.3
1819.3
1831.6
1831.6
1810.4
1787.4
1787.4
1787.4
1787.4
1787.4
1797.1
1790.7
1790.7
1806.2
1805.3
1805.3
1796.3
1796.3
1796.3
1796.7
1796.7
1796.7
1831.3
1805.1
1805.1
1813.6
1813.6
1813.6
1823.4
1760.6
1757.7
1757.7
1757.7
1757.7
1786.4
1773.3
1758.9
1790.3
1808.4
1808.4
1816.2
1803.9
1803.9
1803.9
1803.6
1829.4
1829.4
1833.5
1833.5
1833.5
1823.9
1822.3
1811.3
1827.6
1827.6
1816.4
1816.4
1816.4
1796.6
1796.6
1798.2
1881.4
1842.2
1842.2
1842.2
1842.2
1869.2
1895.5
1897.4
1897.4
1962.0
1963.0
1963.0
1963.0
1940.2
1944.6
1944.6
1944.6
1944.6
1944.6
1944.6
1956.8
1956.8
1956.8
1944.0
1974.6
1957.3
1957.3
1954.3
1954.3
1954.3
1954.3
1954.3
1905.6
1905.6
1905.6
1905.6
1896.8
1896.8
1931.3
1931.3
1931.3
1931.3
1927.6
1927.6
1927.6
1927.6
1910.7
1900.0
1891.2
1919.2
1919.2
1874.2
1915.3
1915.3
1844.9
1837.6
1844.1
1856.7
1897.0
1903.7
1903.7
1903.7
1903.7
1884.6
1884.6
1884.6
1892.1
1892.1
1892.1
1892.1
1890.0
1881.1
1905.3
1864.7
1864.7
1864.7
1809.6
1809.6
1809.6
1809.6
1809.6
1780.8
1780.8
1780.8
1835.5
1835.5
1835.5
1835.5
1835.5
1835.3
1840.0
1835.9
1821.8
1821.8
1866.6
1863.1
1863.1
1863.1
1861.5
1861.5
1861.5
1817.0
1807.4
1807.4
1788.6
1788.6
1788.6
1788.6
1792.4
1792.4
1792.4
1773.9
1803.1
1803.1
1803.1
1756.9
1756.9
1790.1
1790.1
1773.5
1773.5
1773.5
1865.6
1874.8
1873.7
1873.7
1876.7
1800.7
1800.7
1803.8
1803.8
1822.4
1872.2
1869.8
1869.8
1863.8
1863.8
1863.8
1872.8
1872.8
1872.8
1873.9
1873.9
1873.9
1854.7
1866.3
1866.3
1876.3
1815.5
1777.8
1827.8
1831.5
1831.5
1807.5
1807.5
1807.5
1815.8
1815.8
1815.8
1822.1
1822.1
1895.3
1844.2
1844.2
1844.2
1846.9
1943.4
1943.4
1943.4
1943.4
1943.4
1988.2
1982.2
1982.2
1995.3
1991.4
1992.5
1992.5
1966.6
1953.9
1954.2
1954.2
1954.2
1954.2
1954.2
1975.2
1995.6
1995.6
1915.7
1915.7
1915.7
1888.8
1888.8
1888.8
1888.4
1888.4
1839.5
1830.1
1830.1
1830.1
1830.1
1837.6
1837.6
1837.6
1837.6
1837.6
1858.5
1858.5
1858.5
1858.5
1880.6
1880.6
1890.5
1922.1
1922.1
1921.8
1902.4
1902.4
1902.4
1835.2
1835.2
1811.3
1811.3
1811.3
1811.3
1806.4
1805.6
1792.1
1849.6
1849.6
1805.2
1805.2
1810.4
1784.6
1804.2
1803.6
1806.2
1806.2
1806.2
1784.1
1784.1
1798.0
1811.1
1811.1
1811.1
1821.4
1821.4
1821.4
1821.4
1821.4
1821.4
1821.4
1821.4
1832.7
1874.8
1874.8
1880.1
1880.1
1871.2
1871.2
1871.2
1871.2
1862.9
1853.1
1881.5
1881.5
1881.5
1876.6
1876.6
1912.6
1912.6
1864.2
1875.1
1875.1
1850.6
1850.6
1860.1
1839.1
1839.1
1839.1
1839.1
1839.1
1828.3
1799.7
1801.7
1782.0
1753.6
1744.9
1744.9
1754.1
1754.1
1731.3
1731.3
1732.8
1732.8
1732.8
1732.8
1732.8
1732.8
1751.0
1743.7
1743.7
1743.7
1744.3
1744.3
1749.9
1749.9
1749.9
1751.8
1751.8
1751.0
1759.8
1759.8
1759.8
1760.1
1713.8
1713.8
1634.5
1642.6
1642.6
1649.9
1649.9
1649.9
1649.9
1649.9
1649.9
1595.5
1597.5
1603.1
1603.1
1603.1
1603.1
1603.1
1603.1
1606.8
1621.4
1636.5
1636.5
1642.0
1642.0
1642.0
1642.0
1642.0
1632.2
1691.3
1711.5
1711.5
1711.5
1711.5
1711.5
1719.8
1710.8
1710.8
1722.4
1731.7
1724.3
1724.3
1724.3
1724.3
1724.3
1746.7
1727.0
1678.7
1690.1
1690.1
1690.1
1690.1
1690.1
1690.1
1690.1
1743.7
1743.7
1743.7
1743.7
1727.1
1727.1
1727.1
1727.1
1696.8
1696.8
1728.0
1728.7
1743.8
1743.8
1743.8
1775.1
1775.1
1775.1
1775.1
1775.1
1775.1
1781.9
1817.7
1795.1
1795.1
1816.5
1816.5
1816.5
1821.2
1774.4
1774.4
1774.4
1774.4
1774.4
1774.4
1774.4
1774.4
1729.8
1788.4
1788.4
1788.4
1798.4
1798.4
1798.4
1798.4
1798.4
1804.6
1831.9
1851.3
1851.3
1851.3
1847.5
1847.5
1847.5
1849.7
1784.6
1784.6
1784.6
1707.4
1707.4
1701.6
1701.6
1669.3
1669.3
1669.3
1669.3
1669.3
1662.1
1666.7
1666.7
1666.7
1670.4
1670.4
1670.9
1692.0
1664.5
1664.5
1675.1
1666.7
1666.7
1666.7
1666.7
1666.7
1666.7
1699.5
1699.5
1699.5
1699.5
1702.8
1702.8
1702.8
1702.8
1702.8
1732.5
1735.3
1735.3
1735.3
1735.3
1734.1
1734.1
1776.6
1757.6
1757.6
1757.6
1757.6
1754.1
1744.2
1760.8
1760.8
1782.5
1782.5
1782.5
1782.5
1782.5
1782.5
1782.5
1708.1
1708.1
1736.9
1736.9
1745.0
1703.5
1703.5
1703.5
1703.5
1703.5
1703.5
1706.1
1723.8
1723.8
1764.5
1764.5
1764.5
1734.2
1734.2
1734.2
1734.2
1734.2
1719.1
1732.4
1723.1
1723.1
1723.1
1723.1
1722.7
1697.2
1701.9
1701.9
1697.8
1697.8
1697.8
1713.5
1706.9
1706.9
1702.7
1685.1
1685.1
1696.7
1696.7
1696.7
1644.2
1645.2
1632.6
1632.6
1632.6
1638.9
1649.5
1649.5
1631.2
1631.2
1631.2
1631.2
1631.2
1621.2
1621.2
1621.2
1631.2
1672.0
1650.7
1650.7
1581.8
1558.8
1466.1
1466.1
1466.1
1466.1
1467.0
1467.0
1467.0
1467.0
1467.0
1467.0
1467.0
1467.0
1467.0
1467.0
1467.0
1467.0
1467.0
1470.0
1470.0
1470.0
1470.0
1439.6
1439.6
1439.6
1439.6
1446.9
1446.9
1446.9
1446.9
1446.9
1460.8
1539.4
1539.4
1539.4
1539.4
1539.4
1545.5
1545.5
1545.5
1545.5
1545.5
1545.5
1545.5
1545.5
1545.5
1558.1
1607.2
1607.2
1625.5
1647.9
1603.7
1603.7
1580.1
1580.1
1580.1
1580.1
1580.1
1534.3
1534.3
1575.3
1575.3
1575.3
1575.3
1575.3
1575.3
1575.3
1592.0
1592.0
1592.0
1592.0
1592.0
1584.5
1584.5
1584.5
1584.5
1584.5
1558.8
1558.8
1558.8
1558.8
1558.8
1558.8
1558.8
1558.8
1564.6
1564.6
1566.3
1566.3
1571.2
1571.2
1571.2
1593.8
1593.8
1593.8
1600.5
1600.5
1600.5
1600.5
1600.5
1600.5
1600.5
1586.3
1586.3
1623.1
1615.6
1615.6
1626.4
1626.4
1651.3
1627.5
1632.3
1632.3
1618.8
1618.8
1592.3
1601.1
1601.1
1631.2
1648.6
1639.4
1639.4
1639.4
1639.4
1639.4
1639.4
1639.4
1639.4
1617.4
1617.4
1617.4
1617.4
1599.7
1599.7
1599.7
1599.7
1591.2
1591.2
1591.2
1591.2
1591.2
1564.6
1564.6
1649.3
1646.7
1646.7
1682.0
1682.0
1682.0
1682.0
1687.3
1687.3
1687.3
1687.3
1687.3
1688.9
1688.9
1688.9
1688.9
1697.0
1697.0
1697.0
1695.7
1695.7
1695.7
1695.7
1687.4
1687.4
1687.4
1693.7
1693.7
1669.7
1669.7
1669.7
1669.7
1669.7
1680.8
1680.8
1680.8
1703.2
1761.3
1762.3
1762.3
1758.7
1758.7
1758.7
1758.7
1714.9
1714.9
1714.9
1710.3
1701.3
1657.5
1657.5
1638.0
1638.8
1638.8
1638.8
1638.8
1658.4
1658.4
1658.4
1654.8
1654.8
1654.8
1654.8
1654.8
1626.4
1655.2
1655.2
1654.8
1654.8
1656.1
1691.7
1676.9
1676.9
1667.7
1667.7
1630.6
1630.6
1636.4
1636.4
1636.4
1636.4
1649.8
1639.4
1637.6
1637.6
1637.6
1637.6
1637.6
1637.6
1649.8
1649.8
1654.2
1644.7
1644.7
1644.7
1644.7
1640.0
1640.0
1640.0
1640.3
1640.3
1640.3
1517.3
1517.3
1517.3
1517.3
1517.3
1491.3
1491.3
1491.3
1536.1
1553.7
1553.7
1553.7
1551.0
1551.0
1551.0
1551.0
1551.0
1543.1
1543.1
1543.1
1543.1
1543.1
1543.1
1543.1
1543.1
1543.1
1552.7
1582.0
1577.7
1592.2
1587.6
1582.7
1603.3
1603.3
1603.3
1571.2
1574.6
1574.6
1574.6
1565.2
1565.2
1565.2
1565.2
1565.2
1566.0
1566.0
1566.0
1566.0
1566.0
1543.4
1543.4
1540.6
1540.6
1540.6
1516.5
1545.6
1549.0
1530.7
1530.7
1530.7
1530.7
1530.7
1530.7
1510.8
1472.5
1466.6
1466.6
1449.9
1449.9
1469.3
1469.3
1470.8
1470.8
1448.6
1443.9
1437.1
1435.4
1444.2
1462.3
1462.3
1462.3
1462.1
1462.1
1454.5
1453.6
1453.6
1479.5
1476.7
1476.7
1476.7
1476.7
1476.7
1476.7
1476.7
1476.7
1476.7
1476.7
1480.5
1480.5
1513.5
1513.5
1512.5
1512.5
1570.5
1575.8
1536.3
1537.5
1537.5
1515.4
1477.0
1477.0
1469.2
1469.2
1469.2
1440.8
1440.8
1440.8
1440.8
1489.9
1489.9
1489.9
1462.4
1462.4
1462.4
1462.4
1458.7
1458.7
1458.7
1458.7
1458.7
1400.7
1400.7
1400.7
1388.9
1394.9
1395.2
1402.6
1402.6
1402.6
1402.6
1402.6
1404.6
1448.9
1506.6
1555.0
1555.0
1555.0
1555.0
1555.0
1560.7
1560.7
1552.2
1588.9
1563.0
1563.0
1563.0
1571.3
1600.5
1600.5
1601.2
1601.2
1601.2
1601.2
1605.5
1619.3
1579.4
1579.3
1573.5
1573.5
1584.0
1584.0
1584.0
1584.0
1584.0
1590.1
1590.1
1590.1
1590.1
1590.1
1590.3
1590.3
1549.4
1546.4
1546.4
1546.4
1534.1
1537.1
1537.1
1537.1
1537.1
1537.1
1537.1
1537.1
1537.1
1526.3
1526.3
1476.6
1497.5
1497.5
1589.2
1589.2
1555.0
1555.0
1555.0
1558.8
1575.3
1623.0
1623.0
1620.0
1621.7
1621.7
1621.7
1641.4
1641.4
1642.7
1613.2
1583.2
1595.3
1614.3
1614.3
1614.3
1639.4
1640.7
1640.7
1640.7
1640.7
1640.7
1635.5
1635.5
1635.3
1635.3
1635.3
1622.5
1622.5
1606.2
1572.0
1572.0
1572.0
1578.6
1578.6
1599.6
1599.6
1598.7
1598.7
1598.7
1607.1
1607.1
1607.1
1607.1
1567.7
1567.7
1553.2
1523.2
1523.2
1523.2
1523.2
1494.3
1494.3
1494.3
1494.3
1494.3
1442.9
1442.9
1442.9
1442.9
1442.9
1442.9
1442.9
1442.9
1442.9
1442.9
1442.9
1442.9
1447.4
1447.4
1447.4
1442.9
1442.9
1442.9
1435.2
1435.2
1435.2
1435.2
1435.2
1431.3
1431.3
1461.3
1461.3
1461.3
1461.3
1461.3
1461.3
1461.3
1461.3
1461.3
1461.3
1461.3
1461.3
1461.3
1461.3
1461.3
1461.3
1454.2
1454.2
1454.2
1454.2
1454.2
1467.6
1467.6
1467.6
1467.6
1467.6
1467.6
1467.6
1471.0
1520.4
1518.6
1519.1
1519.1
1519.1
1513.0
1513.0
1478.4
1478.4
1421.1
1390.8
1393.2
1425.5
1434.2
1434.2
1434.2
1434.2
1422.2
1422.2
1420.1
1420.1
1420.1
1420.1
1416.1
1391.5
1391.5
1391.5
1391.5
1407.1
1407.1
1407.1
1407.1
1414.2
1412.4
1412.4
1412.4
1468.3
1468.3
1468.3
1468.3
1468.3
1468.3
1468.3
1468.3
1468.3
1469.6
1469.6
1469.6
1469.6
1470.0
1470.8
1470.8
1451.2
1451.2
1451.2
1451.2
1451.2
1451.2
1451.2
1451.2
1451.2
1435.3
1499.4
1499.4
1480.9
1480.9
1480.9
1473.1
1473.1
1473.1
1467.2
1503.7
1503.7
1511.3
1511.3
1518.7
1494.8
1512.9
1555.9
1522.8
1522.8
1554.6
1554.6
1565.0
1565.0
1565.0
1565.0
1576.5
1576.5
1602.3
1602.3
1602.3
1602.3
1602.3
1602.3
1602.3
1570.1
1570.1
1565.0
1565.0
1583.1
1583.1
1564.0
1564.0
1572.0
1572.0
1572.0
1572.0
1573.7
1573.7
1531.1
1531.1
1527.8
1527.8
1527.8
1527.8
1509.1
1509.1
1509.1
1509.1
1510.5
1510.5
1510.5
1510.5
1510.5
1541.4
1541.4
1541.4
1541.4
1541.4
1561.1
1605.5
1605.5
1605.5
1605.5
1605.5
1605.5
1609.6
1609.6
1609.6
1609.6
1609.6
1609.6
1608.9
1608.9
1636.1
1636.1
1636.1
1636.1
1636.1
1646.5
1643.4
1666.6
1666.6
1666.6
1666.6
1635.4
1635.4
1648.5
1648.5
1648.5
1620.7
1620.7
1620.7
1620.7
1620.7
1600.1
1600.1
1600.1
1600.1
1600.1
1600.1
1601.9
1602.2
1598.6
1551.6
1541.0
1541.0
1554.5
1554.5
1554.5
1526.5
1526.5
1496.3
1496.3
1478.5
1478.5
1478.5
1478.5
1473.0
1458.2
1458.2
1469.7
1469.7
1469.7
1469.7
1455.2
1455.2
1455.2
1455.2
1455.2
1434.9
1434.9
1434.9
1434.9
1442.0
1441.7
1441.7
1441.7
1441.7
1441.7
1441.7
1441.7
1441.5
1425.1
1420.4
1420.4
1420.4
1408.0
1408.0
1405.8
1405.8
1405.8
1405.8
1405.8
1405.8
1426.4
1461.7
1469.2
1469.2
1469.2
1469.5
1469.5
1462.5
1462.5
1462.5
1462.5
1462.0
1462.0
1447.8
1456.4
1466.4
1466.4
1466.4
1466.4
1466.4
1473.2
1473.2
1473.2
1473.2
1473.2
1473.2
1473.2
1496.6
1496.6
1496.6
1501.5
1491.8
1491.8
1491.8
1491.8
1491.8
1491.8
1491.8
1496.5
1499.8
1499.8
1499.8
1499.8
1499.8
1520.0
1561.2
1561.2
1561.2
1501.3
1501.0
1501.0
1553.8
1553.8
1553.8
1552.2
1550.8
1547.9
1546.4
1546.4
1546.4
1546.4
1524.3
1590.5
1590.5
1590.5
1590.5
1590.5
1590.5
1637.1
1644.2
1644.2
1591.4
1586.7
1572.2
1572.2
1572.2
1572.2
1572.2
1572.5
1593.0
1595.5
1595.5
1602.5
1602.5
1602.5
1603.7
1603.7
1603.7
1603.7
1603.7
1681.4
1732.8
1732.8
1732.8
1732.8
1734.9
1696.9
1696.9
1696.9
1703.3
1703.3
1703.3
1703.3
1703.3
1700.2
1706.4
1716.8
1716.8
1728.1
1730.1
1717.0
1713.3
1713.3
1713.3
1713.3
1713.3
1713.3
1713.3
1706.9
1749.4
1749.4
1749.4
1749.4
1766.3
1760.0
1760.0
1760.0
1743.7
1789.2
1789.2
1789.2
1789.2
1789.2
1795.0
1795.0
1799.4
1799.4
1799.4
1803.3
1803.3
1805.5
1805.5
1784.9
1755.8
1778.9
1821.7
1821.8
1821.8
1840.0
1848.9
1848.9
1859.5
1810.2
1810.8
1828.8
1828.9
1826.4
1826.4
1825.9
1820.8
1820.8
1820.8
1820.8
1820.8
1820.8
1820.8
1872.2
1872.5
1886.0
1886.0
1886.0
1892.6
1911.4
1918.7
1918.7
1914.4
1887.1
1881.7
1859.8
1854.1
1854.1
1854.1
1854.1
1864.8
1864.8
1864.8
1864.8
1864.8
1864.8
1864.8
1864.8
1871.0
1875.9
1875.9
1875.9
1875.9
1875.9
1841.9
1841.9
1841.9
1841.9
1804.3
1804.3
1804.3
1804.3
1804.3
1804.3
1804.3
1804.3
1804.3
1804.3
1804.3
1804.3
1804.3
1804.3
1771.9
1771.9
1771.9
1745.3
1745.3
1745.3
1745.3
1768.2
1768.2
1757.0
1754.3
1754.3
1754.3
1754.3
1795.1
1790.0
1792.3
1816.3
1879.2
1879.2
1809.3
1768.7
1779.5
1774.3
1773.0
1773.0
1773.0
1743.6
1734.2
1734.2
1740.0
1740.9
1740.9
1740.9
1740.9
1740.9
1740.9
1740.9
1740.9
1761.5
1761.5
1761.5
1761.5
1771.6
1771.6
1771.6
1771.6
1779.4
1779.4
1779.8
1779.8
1779.8
1779.8
1779.8
1779.8
1794.5
1793.6
1785.4
1785.4
1785.4
1785.4
1785.4
1785.4
1785.4
1792.9
1792.9
1792.9
1765.3
1765.3
1757.6
1749.5
1749.5
1730.0
1729.2
1729.2
1729.2
1676.0
1667.4
1667.4
1667.4
1667.4
1667.4
1635.4
1635.4
1635.4
1635.4
1635.4
1635.4
1635.4
1635.4
1625.1
1625.1
1625.1
1598.1
1598.1
1598.1
1596.0
1596.0
1596.0
1596.0
1600.3
1600.3
1582.0
1566.6
1591.9
1591.9
1592.3
1592.3
1614.2
1614.2
1603.1
1603.1
1603.1
1603.1
1603.1
1598.2
1598.2
1598.2
1598.2
1598.2
1598.2
1614.8
1614.8
1614.8
1614.8
1614.8
1614.8
1614.8
1612.5
1612.2
1590.1
1590.1
1590.1
1590.1
1590.1
1590.1
1590.1
1573.3
1595.4
1595.4
1595.4
1595.4
1595.4
1595.4
1595.4
1595.4
1595.4
1560.2
1548.3
1527.0
1502.2
1502.2
1459.8
1449.2
1449.2
1449.2
1456.5
1456.5
1485.4
1485.4
1485.4
1485.4
1485.4
1412.0
1412.0
1394.0
1394.0
1394.0
1394.0
1394.0
1394.0
1382.4
1382.4
1379.1
1379.1
1379.1
1378.6
1378.6
1378.6
1378.6
1378.6
1378.9
1378.9
1378.9
1378.3
1378.5
1378.5
1413.8
1406.5
1386.9
1425.8
1425.8
1438.8
1420.3
1420.3
1420.3
1420.3
1420.3
1423.1
1423.1
1423.1
1423.1
1481.3
1481.3
1481.3
1478.3
1478.3
1478.3
1478.3
1478.3
1478.3
1478.3
1478.3
1478.3
1486.2
1486.2
1484.8
1484.8
1484.8
1484.8
1484.8
1484.8
1518.8
1518.8
1518.8
1518.8
1506.4
1506.4
1501.6
1481.2
1481.2
1481.2
1481.2
1493.6
1509.0
1509.0
1507.1
1507.1
1507.1
1507.1
1547.9
1547.9
1551.6
1466.1
1466.1
1466.1
1512.8
1513.6
1513.6
1513.6
1562.8
1551.9
1551.0
1546.5
1526.4
1508.9
1514.7
1514.7
1514.7
1488.7
1465.6
1465.6
1474.0
1474.0
1474.0
1474.0
1474.0
1458.0
1466.0
1466.0
1466.0
1466.0
1466.0
1466.0
1466.0
1466.0
1456.1
1455.0
1468.6
1468.6
1468.6
1468.6
1468.6
1468.6
1483.0
1483.0
1489.7
1516.7
1518.4
1526.5
1524.5
1524.5
1524.5
1524.5
1524.5
1525.1
1512.9
1521.5
1489.4
1489.4
1489.4
1498.9
1498.9
1535.4
1539.3
1539.3
1539.3
1539.3
1531.4
1531.4
1531.4
1531.7
1531.7
1531.7
1531.7
1531.7
1529.8
1529.8
1529.8
1529.8
1523.3
1523.3
1523.3
1505.7
1515.7
1515.7
1515.7
1499.4
1499.4
1491.6
1488.2
1488.2
1488.2
1488.2
1491.4
1491.4
1491.4
1491.4
1491.4
1491.4
1491.4
1491.4
1491.4
1491.4
1496.0
1496.0
1496.0
1468.0
1469.8
1475.5
1475.5
1475.5
1475.5
1475.5
1475.5
1475.5
1473.5
1473.5
1473.5
1473.5
1491.8
1491.8
1491.8
1495.0
1495.0
1495.0
1506.4
1506.4
1506.4
1468.7
1463.4
1463.4
1463.4
1463.4
1463.4
1463.4
1463.4
1463.4
1463.4
1491.1
1491.1
1490.7
1490.7
1490.7
1490.7
1490.7
1444.7
1444.7
1444.7
1394.7
1394.7
1378.5
1378.5
1378.5
1378.5
1378.5
1361.9
1361.9
1361.9
1361.9
1361.9
1361.9
1361.9
1360.0
1360.0
1360.1
1360.1
1335.9
1335.9
1335.9
1335.9
1335.3
1335.3
1335.3
1335.3
1335.3
1335.3
1335.3
1336.8
1336.8
1336.8
1350.8
1350.8
1350.8
1350.8
1329.6
1359.5
1359.5
1359.5
1360.4
1360.4
1360.4
1394.5
1394.5
1394.5
1394.5
1394.5
1394.5
1394.5
1406.0
1406.0
1399.0
1399.0
1399.0
1399.0
1399.0
1399.0
1399.0
1399.0
1397.3
1397.3
1397.3
1397.3
1397.3
1397.3
1397.3
1397.3
1397.3
1397.3
1397.3
1399.2
1399.2
1399.2
1399.2
1399.2
1399.2
1396.0
1396.0
1376.2
1376.2
1376.2
1376.2
1376.2
1376.2
1376.2
1376.2
1376.2
1376.2
1376.2
1376.6
1338.3
1338.3
1338.3
1339.7
1339.7
1339.7
1339.7
1339.7
1339.7
1337.4
1337.4
1352.3
1352.3
1352.3
1352.3
1388.8
1388.8
1388.8
1388.8
1367.3
1408.4
1408.4
1408.4
1408.4
1408.4
1408.4
1408.4
1408.4
1408.4
1408.4
1412.0
1412.0
1412.0
1418.4
1408.7
1408.7
1408.7
1408.7
1408.7
1400.6
1371.0
1371.0
1371.0
1371.0
1360.6
1371.8
1371.8
1371.8
1340.6
1359.5
1394.4
1382.3
1382.3
1382.3
1382.3
1382.3
1381.4
1398.1
1398.1
1399.1
1399.1
1399.1
1404.1
1387.7
1387.7
1387.7
1387.7
1387.7
1387.7
1387.7
1387.7
1387.7
1387.7
1387.7
1387.7
1396.6
1396.6
1396.6
1396.6
1396.6
1396.6
1396.6
1396.6
1396.6
1450.9
1450.9
1450.9
1450.9
1446.0
1483.4
1483.4
1483.4
1483.4
1483.4
1498.7
1473.0
1473.0
1499.0
1515.5
1537.9
1537.9
1537.9
1537.9
1516.0
1505.6
1505.6
1505.6
1545.8
1545.8
1545.8
1545.8
1545.8
1545.8
1451.0
1451.0
1451.0
1451.0
1495.5
1480.8
1480.8
1480.8
1481.1
1486.2
1515.9
1521.0
1521.0
1521.0
1535.4
1535.0
1535.0
1540.6
1540.6
1540.6
1540.6
1540.6
1540.6
1585.7
1580.5
1580.5
1580.5
1580.5
1583.0
1600.3
1600.3
1669.7
1669.7
1669.7
1669.7
1669.7
1669.7
1669.7
1669.7
1669.7
1630.8
1638.5
1638.5
1638.5
1638.5
1638.5
1641.9
1638.8
1615.6
1615.6
1615.6
1615.6
1615.6
1614.1
1614.1
1604.5
1604.5
1556.0
1559.4
1559.4
1594.6
1594.6
1597.4
1597.4
1597.4
1597.4
1597.4
1597.4
1591.8
1591.8
1591.8
1560.7
1560.7
1524.7
1524.7
1524.7
1524.7
1545.3
1542.8
1542.8
1559.3
1559.3
1559.3
1535.4
1535.4
1535.4
1543.4
1543.4
1543.4
1543.4
1543.4
1543.4
1543.4
1577.8
1577.8
1593.2
1593.2
1600.1
1600.1
1600.1
1600.1
1600.1
1600.1
1600.1
1600.1
1602.6
1602.6
1611.8
1611.8
1611.8
1611.8
1611.8
1611.8
1611.8
1617.1
1617.1
1605.3
1605.3
1605.3
1605.3
1596.5
1525.2
1517.3
1517.3
1517.3
1517.3
1517.3
1517.3
1517.3
1517.3
1517.3
1519.2
1511.0
1511.0
1534.0
1534.0
1534.0
1534.0
1534.0
1534.0
1464.9
1464.9
1464.9
1464.9
1464.9
1464.9
1464.8
1464.8
1464.8
1464.8
1464.8
1464.8
1441.0
1440.7
1440.7
1440.7
1440.7
1440.7
1440.7
1440.7
1440.7
1440.7
1440.7
1440.7
1440.7
1440.7
1459.5
1459.5
1459.5
1490.1
1490.1
1490.1
1506.9
1506.9
1506.9
1530.4
1501.0
1483.9
1483.9
1483.9
1484.0
1484.0
1457.6
1457.6
1457.6
1457.6
1457.6
1440.7
1472.1
1472.1
1472.1
1472.1
1472.1
1486.3
1486.3
1486.3
1486.3
1486.3
1486.3
1486.3
1486.3
1484.6
1484.6
1484.6
1463.4
1520.1
1520.1
1520.1
1520.1
1521.9
1524.1
1524.1
1510.3
1538.4
1538.4
1537.2
1537.2
1580.8
1580.8
1582.2
1572.5
1572.5
1572.5
1572.5
1565.1
1565.1
1565.1
1565.1
1565.1
1565.1
1565.1
1570.6
1543.1
1543.1
1543.1
1557.8
1557.8
1557.8
1555.1
1555.1
1555.1
1555.1
1555.1
1555.1
1555.1
1555.1
1554.1
1554.1
1554.1
1554.1
1554.1
1554.1
1533.3
1505.3
1505.3
1505.3
1505.3
1489.7
1489.7
1484.4
1523.8
1505.7
1462.4
1452.3
1434.0
1434.0
1434.0
1434.0
1461.9
1461.9
1461.9
1462.0
1462.0
1461.3
1461.3
1461.3
1461.3
1462.9
1462.9
1462.9
1462.9
1389.6
1396.8
1396.8
1396.8
1396.8
1396.8
1396.8
1396.8
1396.8
1394.8
1394.8
1394.8
1354.0
1336.9
1336.9
1336.9
1336.9
1339.4
1339.4
1360.1
1351.8
1351.8
1351.8
1351.8
1351.8
1332.8
1332.8
1332.8
1327.8
1327.8
1327.9
1327.9
1364.0
1364.0
1364.0
1370.7
1370.7
1370.7
1367.5
1367.5
1381.6
1407.3
1407.3
1407.3
1412.7
1412.7
1420.8
1420.8
1420.8
1420.8
1420.8
1420.8
1420.8
1420.8
1420.8
1420.8
1419.6
1422.3
1422.3
1422.3
1422.3
1420.8
1420.8
1420.8
1440.3
1440.3
1440.3
1443.1
1428.0
1428.0
1428.0
1428.0
1449.5
1440.9
1426.5
1426.5
1426.5
1426.5
1426.5
1486.6
1459.1
1459.1
1459.1
1459.1
1459.1
1459.1
1456.8
1456.8
1456.8
1456.8
1456.8
1456.8
1456.8
1465.9
1452.7
1526.4
1526.4
1507.7
1507.7
1507.7
1454.3
1454.3
1454.3
1454.3
1454.3
1454.3
1454.3
1454.3
1454.3
1454.3
1455.6
1455.6
1455.6
1455.6
1455.6
1455.6
1455.6
1455.6
1455.6
1455.6
1455.6
1431.1
1431.1
1431.1
1431.1
1431.1
1431.1
1431.1
1431.8
1431.8
1431.8
1431.3
1431.3
1431.3
1417.7
1417.7
1417.7
1417.2
1417.2
1417.2
1417.2
1444.3
1444.3
1429.5
1380.1
